17547	26805	6.77
30075	6678	7.35
3778	16861908	7.46
7878457	16608	7.62
7878457	14539	7.58
18589235	13673345	5.77
30598	13673345	6.31
30003	5177	7.50
29831	15368428	6.77
37298	15368428	7.42
9311172	424739	6.85
36969	46183	6.19
164491	23501	5.92
662249	18403271	7.00
20646803	662249	6.62
155526	20646803	6.81
25078911	155526	4.62
25078911	19159221	5.81
4918223	19372783	7.08
19372783	21616056	8.08
19372783	30003	1.62
19372783	6429	1.31
19372783	16217	0.92
19372783	484939	1.81
257215	484939	6.69
19372783	28508507	3.73
19372783	18393	0.92
3778	17727	7.46
19360669	8983183	8.12
33550	11090	7.73
8983183	55336	9.15
20646803	164491	0.31
19012	55115	0.23
19012	25180	8.58
19012	47617	5.92
4092	51273	6.69
16043	9282173	8.46
16043	3624191	7.65
12178732	26805	1.62
5575722	26805	9.44
8485	23976719	8.62
23976719	10568	9.03
23976719	3921	6.81
23976719	29773	6.63
29773	162448	7.56
40390166	24702	6.73
40390166	10828	7.65
40390166	15772	2.50
18949668	17541	8.38
21555729	26808	7.38
21555729	232176	6.19
21555729	161227	6.73
21555729	20913771	7.92
22939	23317	8.12
22939	5180	7.35
27667	5180	4.88
1014	5180	5.54
32787	12988	8.46
32787	45189	8.13
7984	13673345	3.04
7984	768413	1.31
7984	9293603	5.96
7984	212818	6.87
73165	83430	7.85
7984	83430	2.65
12806	16543	8.96
163941	2173925	9.29
194253	3107571	8.83
5236	47777152	9.10
234457	1346950	8.87
901903	991766	9.02
238150	556358	8.79
10646	10843	7.52
3410	366385	7.10
3410	50965	7.38
30677	8643980	6.46
4098495	419369	6.27
50965	8643980	2.69
3107571	4098495	4.46
163941	13673345	5.85
419369	22589	5.00
63752	66986	2.08
10646	26574	4.42
5236	1408983	4.38
11090	63752	1.85
47777152	66986	3.08
419369	27992	0.92
5236	11090	3.15
3107571	991766	0.92
6959	187557	0.54
12581	901903	2.08
209005	193060	0.54
26574	2173925	0.62
8983183	8100	8.42
8983183	55336	9.08
8983183	5665	9.04
8983183	192617	8.27
8983183	23626	7.57
8983183	1440136	7.29
8983183	19360669	8.50
8983183	208849	7.73
8983183	2541595	6.88
8983183	17898	5.65
8983183	41453	3.31
30075	16217	8.00
30075	45339	8.00
30075	6543	7.08
30075	18838	6.85
30075	11039790	7.00
30075	19653842	4.77
30075	722672	5.62
30075	9096372	5.87
22921	18973869	8.08
22921	922	7.00
22921	10828	6.85
22921	90460	7.42
22921	832314	6.58
22921	662249	6.42
22921	26743	8.21
22921	19378	7.69
22921	80381	7.23
22921	26700	6.71
22921	267487	5.58
22921	106238	7.48
22915	26808	8.45
22915	5267	8.06
22915	19331	8.08
22915	26751	8.02
22915	12558	8.11
22915	27667	7.92
22915	580	7.94
23004	1646233	5.85
23004	18985062	3.85
23004	106238	2.81
23004	18949668	6.65
23004	6084	2.50
23004	25874441	1.77
23004	2012141	6.04
41395970	604727	6.58
41395970	1151989	6.85
41395970	19378550	2.40
41395970	141001	2.92
41395970	453372	3.69
41395970	42176	2.15
41395970	7984	7.25
41395970	10646	5.00
41395970	26979	1.92
41395970	18993825	5.90
16217	6678	7.42
16217	13673345	7.27
9649	214196	1.81
214196	44417	5.06
9649	173351	5.09
7878457	173351	6.78
33496	66505	6.06
11127	84777	6.94
11127	5508063	8.31
5508063	239107	4.59
14640471	33306	2.94
14640471	26997	5.63
20781999	4692150	8.16
78478	205135	7.53
71925	1031118	4.56
490205	27667	6.34
33306	1276437	6.56
28130	17635795	2.38
54634	20781999	2.22
19159	50510	8.66
7878457	20781999	4.47
37842745	1031118	5.34
202899	205135	3.69
24110	375211	3.00
33158	195091	8.13
26145	21690	6.31
27978	157898	6.22
16060	33775421	6.50
20913771	10772350	3.91
30874303	70210	2.56
77182	8874700	3.00
153987	611250	5.63
5881	34341	7.59
5881	21754	3.16
41012	25613	1.19
41012	20781999	3.31
19529	23995	6.63
24702	179824	4.75
2403669	24702	3.69
1559961	24702	4.25
12229	492128	6.56
545006	1048636	4.25
545006	2541595	5.88
9649	492128	5.94
10680593	20781999	7.56
10680593	239107	2.75
625404	18994221	7.03
56285	8221	5.47
1549092	146334	6.47
197042	4290854	7.91
41298	220028	4.97
662249	314993	5.00
662249	101757	5.19
101757	15176	7.03
28022	39391	3.44
42446	77432	2.31
42446	1985071	5.91
407384	64493	7.38
18426501	34273	8.13
18994221	174521	4.63
8221	1641678	5.25
8221	31392139	5.03
17541	20550772	6.69
18393	8221	7.88
18393	180184	4.50
1449866	532523	4.75
632347	1305558	4.47
56231	236975	3.25
166346	5165	5.63
24702	202899	3.69
24702	15176	2.94
37842745	50510	5.28
155747	1008560	5.00
181592	211295	6.44
7818	2973525	4.13
7818	9649	4.75
1467948	37575	2.38
13673345	159472	4.94
45073	244681	8.06
45073	18985062	5.31
14276	962793	8.03
239196	8983183	5.94
25996	2414	6.00
2414	2241167	5.41
20354	14276	1.81
199800	1015047	8.97
1558839	14276	6.00
951407	49402	6.72
49402	38180	8.00
19039812	307907	4.81
19039812	702945	3.88
1659824	146738	5.16
378364	5308	2.25
199065	586851	6.44
199065	1139011	8.88
199065	40808	6.88
199065	128987	4.94
2781587	28743391	2.56
2781587	144425	6.38
5995	30003	7.81
368398	2175301	1.75
4498	15270	4.25
37298	29678	3.88
37298	3371756	2.88
41930	3648961	7.63
41930	239121	6.48
239121	5926	8.44
5665	21616056	7.50
166346	4207510	8.59
4207510	19372783	6.34
10680593	368398	3.38
10680593	1638839	6.00
18487619	1638839	3.88
18487619	41969	7.63
8100	34392	7.78
8100	424871	9.22
8100	18487619	7.38
8100	41969	6.09
7878457	5309	8.50
36934	6921567	8.31
30003	5969588	7.13
5969588	37720113	5.91
858660	13673345	6.47
6412297	20354	3.38
4692150	3371756	3.63
332730	233048	7.13
18993825	33306	7.89
3850	24873453	5.97
18723138	19045066	7.03
18723138	140801	7.69
49132	547886	7.47
18723138	28012	6.19
18723138	17071940	6.97
208159	28012	3.56
26866	18842323	7.47
26866	10646	8.34
26866	46310	8.70
46310	10646	7.81
46310	32961	5.70
10646	11653201	6.22
32441	316723	6.34
1567690	34341	4.06
1567690	63904	4.47
18723138	1305459	5.97
4243	1305459	7.61
3884434	146996	8.36
76323	15176	2.69
8376	29392	3.94
29392	37335	7.16
29392	21830	5.63
8376	191061	7.53
21830	37039	8.31
37039	9630	8.81
21830	15822899	6.25
15822899	33183	8.30
15822899	56231	5.25
20171	7397035	8.53
57875	22348	7.94
22348	224515	6.88
18393	668100	5.94
82278	18393	4.06
368398	6801	6.25
29831	21555729	7.72
1950213	26372087	6.19
3170971	2254334	2.97
142919	1723133	1.94
22949	148127	3.75
43254	20981836	3.31
43254	19728	3.69
3966054	3383	7.44
38076	718020	6.41
162941	352801	5.44
10401954	378010	6.25
22348	14543	2.63
27712	26458576	0.88
463828	294833	3.19
169835	19159508	4.69
1467948	4129813	6.75
43537463	751115	5.31
5165	6784	7.31
22915	3488351	5.75
148127	381055	3.97
297724	18839	3.47
18839	160483	3.63
12581	19042	5.56
904	19042	7.83
47912	651358	3.88
1340239	937531	5.31
236918	201480	6.81
25683	15613	7.59
37585	20913771	7.19
22649	21296224	4.38
27667	38714	6.53
1135905	38714	6.19
3568461	267306	7.69
477822	70807	6.31
477822	50482	6.03
33978	246077	8.34
8137	1209	6.25
56231	382507	6.34
21296224	5881	3.78
