: newspapers
51278 2929310 26997138 263064
51278 2929310 24437894 30068
51278 2929310 18522615 947371
51278 2929310 5951 738659
51278 2929310 6272 26022088
51278 2929310 6886 60961
51278 2929310 5647 773098
51278 2929310 53838 453580
51278 2929310 8253 947341
51278 2929310 8522 1488626
51278 2929310 4305314 7200588
51278 2929310 11507 4722335
51278 2929310 92413 1610440
51278 2929310 13774 251916
51278 2929310 57707 1569832
51278 2929310 135256 3795569
51278 2929310 18110 273319
51278 2929310 53846 607797
51278 2929310 53117 1272811
51278 2929310 6097240 266197
51278 2929310 53825 1690643
51278 2929310 8210131 30680
51278 2929310 50548 666057
51278 2929310 50585 102952
51278 2929310 43730536 346055
51278 2929310 29631 810325
51278 2929310 797820 985178
51278 2929310 53848 2121760
51278 2929310 49728 319442
51278 2929310 29496260 474172
51278 2929310 11388236 432610
51278 2929310 57700 20500604
51278 2929310 97089 102226
51278 2929310 58681 2728629
26997138 263064 24437894 30068
26997138 263064 18522615 947371
26997138 263064 5951 738659
26997138 263064 6272 26022088
26997138 263064 6886 60961
26997138 263064 5647 773098
26997138 263064 53838 453580
26997138 263064 8253 947341
26997138 263064 8522 1488626
26997138 263064 4305314 7200588
26997138 263064 11507 4722335
26997138 263064 92413 1610440
26997138 263064 13774 251916
26997138 263064 57707 1569832
26997138 263064 135256 3795569
26997138 263064 18110 273319
26997138 263064 53846 607797
26997138 263064 53117 1272811
26997138 263064 6097240 266197
26997138 263064 53825 1690643
26997138 263064 8210131 30680
26997138 263064 50548 666057
26997138 263064 50585 102952
26997138 263064 43730536 346055
26997138 263064 29631 810325
26997138 263064 797820 985178
26997138 263064 53848 2121760
26997138 263064 49728 319442
26997138 263064 29496260 474172
26997138 263064 11388236 432610
26997138 263064 57700 20500604
26997138 263064 97089 102226
26997138 263064 58681 2728629
26997138 263064 51278 2929310
24437894 30068 18522615 947371
24437894 30068 5951 738659
24437894 30068 6272 26022088
24437894 30068 6886 60961
24437894 30068 5647 773098
24437894 30068 53838 453580
24437894 30068 8253 947341
24437894 30068 8522 1488626
24437894 30068 4305314 7200588
24437894 30068 11507 4722335
24437894 30068 92413 1610440
24437894 30068 13774 251916
24437894 30068 57707 1569832
24437894 30068 135256 3795569
24437894 30068 18110 273319
24437894 30068 53846 607797
24437894 30068 53117 1272811
24437894 30068 6097240 266197
24437894 30068 53825 1690643
24437894 30068 8210131 30680
24437894 30068 50548 666057
24437894 30068 50585 102952
24437894 30068 43730536 346055
24437894 30068 29631 810325
24437894 30068 797820 985178
24437894 30068 53848 2121760
24437894 30068 49728 319442
24437894 30068 29496260 474172
24437894 30068 11388236 432610
24437894 30068 57700 20500604
24437894 30068 97089 102226
24437894 30068 58681 2728629
24437894 30068 51278 2929310
24437894 30068 26997138 263064
18522615 947371 5951 738659
18522615 947371 6272 26022088
18522615 947371 6886 60961
18522615 947371 5647 773098
18522615 947371 53838 453580
18522615 947371 8253 947341
18522615 947371 8522 1488626
18522615 947371 4305314 7200588
18522615 947371 11507 4722335
18522615 947371 92413 1610440
18522615 947371 13774 251916
18522615 947371 57707 1569832
18522615 947371 135256 3795569
18522615 947371 18110 273319
18522615 947371 53846 607797
18522615 947371 53117 1272811
18522615 947371 6097240 266197
18522615 947371 53825 1690643
18522615 947371 8210131 30680
18522615 947371 50548 666057
18522615 947371 50585 102952
18522615 947371 43730536 346055
18522615 947371 29631 810325
18522615 947371 797820 985178
18522615 947371 53848 2121760
18522615 947371 49728 319442
18522615 947371 29496260 474172
18522615 947371 11388236 432610
18522615 947371 57700 20500604
18522615 947371 97089 102226
18522615 947371 58681 2728629
18522615 947371 51278 2929310
18522615 947371 26997138 263064
18522615 947371 24437894 30068
5951 738659 6272 26022088
5951 738659 6886 60961
5951 738659 5647 773098
5951 738659 53838 453580
5951 738659 8253 947341
5951 738659 8522 1488626
5951 738659 4305314 7200588
5951 738659 11507 4722335
5951 738659 92413 1610440
5951 738659 13774 251916
5951 738659 57707 1569832
5951 738659 135256 3795569
5951 738659 18110 273319
5951 738659 53846 607797
5951 738659 53117 1272811
5951 738659 6097240 266197
5951 738659 53825 1690643
5951 738659 8210131 30680
5951 738659 50548 666057
5951 738659 50585 102952
5951 738659 43730536 346055
5951 738659 29631 810325
5951 738659 797820 985178
5951 738659 53848 2121760
5951 738659 49728 319442
5951 738659 29496260 474172
5951 738659 11388236 432610
5951 738659 57700 20500604
5951 738659 97089 102226
5951 738659 58681 2728629
5951 738659 51278 2929310
5951 738659 26997138 263064
5951 738659 24437894 30068
5951 738659 18522615 947371
6272 26022088 6886 60961
6272 26022088 5647 773098
6272 26022088 53838 453580
6272 26022088 8253 947341
6272 26022088 8522 1488626
6272 26022088 4305314 7200588
6272 26022088 11507 4722335
6272 26022088 92413 1610440
6272 26022088 13774 251916
6272 26022088 57707 1569832
6272 26022088 135256 3795569
6272 26022088 18110 273319
6272 26022088 53846 607797
6272 26022088 53117 1272811
6272 26022088 6097240 266197
6272 26022088 53825 1690643
6272 26022088 8210131 30680
6272 26022088 50548 666057
6272 26022088 50585 102952
6272 26022088 43730536 346055
6272 26022088 29631 810325
6272 26022088 797820 985178
6272 26022088 53848 2121760
6272 26022088 49728 319442
6272 26022088 29496260 474172
6272 26022088 11388236 432610
6272 26022088 57700 20500604
6272 26022088 97089 102226
6272 26022088 58681 2728629
6272 26022088 51278 2929310
6272 26022088 26997138 263064
6272 26022088 24437894 30068
6272 26022088 18522615 947371
6272 26022088 5951 738659
6886 60961 5647 773098
6886 60961 53838 453580
6886 60961 8253 947341
6886 60961 8522 1488626
6886 60961 4305314 7200588
6886 60961 11507 4722335
6886 60961 92413 1610440
6886 60961 13774 251916
6886 60961 57707 1569832
6886 60961 135256 3795569
6886 60961 18110 273319
6886 60961 53846 607797
6886 60961 53117 1272811
6886 60961 6097240 266197
6886 60961 53825 1690643
6886 60961 8210131 30680
6886 60961 50548 666057
6886 60961 50585 102952
6886 60961 43730536 346055
6886 60961 29631 810325
6886 60961 797820 985178
6886 60961 53848 2121760
6886 60961 49728 319442
6886 60961 29496260 474172
6886 60961 11388236 432610
6886 60961 57700 20500604
6886 60961 97089 102226
6886 60961 58681 2728629
6886 60961 51278 2929310
6886 60961 26997138 263064
6886 60961 24437894 30068
6886 60961 18522615 947371
6886 60961 5951 738659
6886 60961 6272 26022088
5647 773098 53838 453580
5647 773098 8253 947341
5647 773098 8522 1488626
5647 773098 4305314 7200588
5647 773098 11507 4722335
5647 773098 92413 1610440
5647 773098 13774 251916
5647 773098 57707 1569832
5647 773098 135256 3795569
5647 773098 18110 273319
5647 773098 53846 607797
5647 773098 53117 1272811
5647 773098 6097240 266197
5647 773098 53825 1690643
5647 773098 8210131 30680
5647 773098 50548 666057
5647 773098 50585 102952
5647 773098 43730536 346055
5647 773098 29631 810325
5647 773098 797820 985178
5647 773098 53848 2121760
5647 773098 49728 319442
5647 773098 29496260 474172
5647 773098 11388236 432610
5647 773098 57700 20500604
5647 773098 97089 102226
5647 773098 58681 2728629
5647 773098 51278 2929310
5647 773098 26997138 263064
5647 773098 24437894 30068
5647 773098 18522615 947371
5647 773098 5951 738659
5647 773098 6272 26022088
5647 773098 6886 60961
53838 453580 8253 947341
53838 453580 8522 1488626
53838 453580 4305314 7200588
53838 453580 11507 4722335
53838 453580 92413 1610440
53838 453580 13774 251916
53838 453580 57707 1569832
53838 453580 135256 3795569
53838 453580 18110 273319
53838 453580 53846 607797
53838 453580 53117 1272811
53838 453580 6097240 266197
53838 453580 53825 1690643
53838 453580 8210131 30680
53838 453580 50548 666057
53838 453580 50585 102952
53838 453580 43730536 346055
53838 453580 29631 810325
53838 453580 797820 985178
53838 453580 53848 2121760
53838 453580 49728 319442
53838 453580 29496260 474172
53838 453580 11388236 432610
53838 453580 57700 20500604
53838 453580 97089 102226
53838 453580 58681 2728629
53838 453580 51278 2929310
53838 453580 26997138 263064
53838 453580 24437894 30068
53838 453580 18522615 947371
53838 453580 5951 738659
53838 453580 6272 26022088
53838 453580 6886 60961
53838 453580 5647 773098
8253 947341 8522 1488626
8253 947341 4305314 7200588
8253 947341 11507 4722335
8253 947341 92413 1610440
8253 947341 13774 251916
8253 947341 57707 1569832
8253 947341 135256 3795569
8253 947341 18110 273319
8253 947341 53846 607797
8253 947341 53117 1272811
8253 947341 6097240 266197
8253 947341 53825 1690643
8253 947341 8210131 30680
8253 947341 50548 666057
8253 947341 50585 102952
8253 947341 43730536 346055
8253 947341 29631 810325
8253 947341 797820 985178
8253 947341 53848 2121760
8253 947341 49728 319442
8253 947341 29496260 474172
8253 947341 11388236 432610
8253 947341 57700 20500604
8253 947341 97089 102226
8253 947341 58681 2728629
8253 947341 51278 2929310
8253 947341 26997138 263064
8253 947341 24437894 30068
8253 947341 18522615 947371
8253 947341 5951 738659
8253 947341 6272 26022088
8253 947341 6886 60961
8253 947341 5647 773098
8253 947341 53838 453580
8522 1488626 4305314 7200588
8522 1488626 11507 4722335
8522 1488626 92413 1610440
8522 1488626 13774 251916
8522 1488626 57707 1569832
8522 1488626 135256 3795569
8522 1488626 18110 273319
8522 1488626 53846 607797
8522 1488626 53117 1272811
8522 1488626 6097240 266197
8522 1488626 53825 1690643
8522 1488626 8210131 30680
8522 1488626 50548 666057
8522 1488626 50585 102952
8522 1488626 43730536 346055
8522 1488626 29631 810325
8522 1488626 797820 985178
8522 1488626 53848 2121760
8522 1488626 49728 319442
8522 1488626 29496260 474172
8522 1488626 11388236 432610
8522 1488626 57700 20500604
8522 1488626 97089 102226
8522 1488626 58681 2728629
8522 1488626 51278 2929310
8522 1488626 26997138 263064
8522 1488626 24437894 30068
8522 1488626 18522615 947371
8522 1488626 5951 738659
8522 1488626 6272 26022088
8522 1488626 6886 60961
8522 1488626 5647 773098
8522 1488626 53838 453580
8522 1488626 8253 947341
4305314 7200588 11507 4722335
4305314 7200588 92413 1610440
4305314 7200588 13774 251916
4305314 7200588 57707 1569832
4305314 7200588 135256 3795569
4305314 7200588 18110 273319
4305314 7200588 53846 607797
4305314 7200588 53117 1272811
4305314 7200588 6097240 266197
4305314 7200588 53825 1690643
4305314 7200588 8210131 30680
4305314 7200588 50548 666057
4305314 7200588 50585 102952
4305314 7200588 43730536 346055
4305314 7200588 29631 810325
4305314 7200588 797820 985178
4305314 7200588 53848 2121760
4305314 7200588 49728 319442
4305314 7200588 29496260 474172
4305314 7200588 11388236 432610
4305314 7200588 57700 20500604
4305314 7200588 97089 102226
4305314 7200588 58681 2728629
4305314 7200588 51278 2929310
4305314 7200588 26997138 263064
4305314 7200588 24437894 30068
4305314 7200588 18522615 947371
4305314 7200588 5951 738659
4305314 7200588 6272 26022088
4305314 7200588 6886 60961
4305314 7200588 5647 773098
4305314 7200588 53838 453580
4305314 7200588 8253 947341
4305314 7200588 8522 1488626
11507 4722335 92413 1610440
11507 4722335 13774 251916
11507 4722335 57707 1569832
11507 4722335 135256 3795569
11507 4722335 18110 273319
11507 4722335 53846 607797
11507 4722335 53117 1272811
11507 4722335 6097240 266197
11507 4722335 53825 1690643
11507 4722335 8210131 30680
11507 4722335 50548 666057
11507 4722335 50585 102952
11507 4722335 43730536 346055
11507 4722335 29631 810325
11507 4722335 797820 985178
11507 4722335 53848 2121760
11507 4722335 49728 319442
11507 4722335 29496260 474172
11507 4722335 11388236 432610
11507 4722335 57700 20500604
11507 4722335 97089 102226
11507 4722335 58681 2728629
11507 4722335 51278 2929310
11507 4722335 26997138 263064
11507 4722335 24437894 30068
11507 4722335 18522615 947371
11507 4722335 5951 738659
11507 4722335 6272 26022088
11507 4722335 6886 60961
11507 4722335 5647 773098
11507 4722335 53838 453580
11507 4722335 8253 947341
11507 4722335 8522 1488626
11507 4722335 4305314 7200588
92413 1610440 13774 251916
92413 1610440 57707 1569832
92413 1610440 135256 3795569
92413 1610440 18110 273319
92413 1610440 53846 607797
92413 1610440 53117 1272811
92413 1610440 6097240 266197
92413 1610440 53825 1690643
92413 1610440 8210131 30680
92413 1610440 50548 666057
92413 1610440 50585 102952
92413 1610440 43730536 346055
92413 1610440 29631 810325
92413 1610440 797820 985178
92413 1610440 53848 2121760
92413 1610440 49728 319442
92413 1610440 29496260 474172
92413 1610440 11388236 432610
92413 1610440 57700 20500604
92413 1610440 97089 102226
92413 1610440 58681 2728629
92413 1610440 51278 2929310
92413 1610440 26997138 263064
92413 1610440 24437894 30068
92413 1610440 18522615 947371
92413 1610440 5951 738659
92413 1610440 6272 26022088
92413 1610440 6886 60961
92413 1610440 5647 773098
92413 1610440 53838 453580
92413 1610440 8253 947341
92413 1610440 8522 1488626
92413 1610440 4305314 7200588
92413 1610440 11507 4722335
13774 251916 57707 1569832
13774 251916 135256 3795569
13774 251916 18110 273319
13774 251916 53846 607797
13774 251916 53117 1272811
13774 251916 6097240 266197
13774 251916 53825 1690643
13774 251916 8210131 30680
13774 251916 50548 666057
13774 251916 50585 102952
13774 251916 43730536 346055
13774 251916 29631 810325
13774 251916 797820 985178
13774 251916 53848 2121760
13774 251916 49728 319442
13774 251916 29496260 474172
13774 251916 11388236 432610
13774 251916 57700 20500604
13774 251916 97089 102226
13774 251916 58681 2728629
13774 251916 51278 2929310
13774 251916 26997138 263064
13774 251916 24437894 30068
13774 251916 18522615 947371
13774 251916 5951 738659
13774 251916 6272 26022088
13774 251916 6886 60961
13774 251916 5647 773098
13774 251916 53838 453580
13774 251916 8253 947341
13774 251916 8522 1488626
13774 251916 4305314 7200588
13774 251916 11507 4722335
13774 251916 92413 1610440
57707 1569832 135256 3795569
57707 1569832 18110 273319
57707 1569832 53846 607797
57707 1569832 53117 1272811
57707 1569832 6097240 266197
57707 1569832 53825 1690643
57707 1569832 8210131 30680
57707 1569832 50548 666057
57707 1569832 50585 102952
57707 1569832 43730536 346055
57707 1569832 29631 810325
57707 1569832 797820 985178
57707 1569832 53848 2121760
57707 1569832 49728 319442
57707 1569832 29496260 474172
57707 1569832 11388236 432610
57707 1569832 57700 20500604
57707 1569832 97089 102226
57707 1569832 58681 2728629
57707 1569832 51278 2929310
57707 1569832 26997138 263064
57707 1569832 24437894 30068
57707 1569832 18522615 947371
57707 1569832 5951 738659
57707 1569832 6272 26022088
57707 1569832 6886 60961
57707 1569832 5647 773098
57707 1569832 53838 453580
57707 1569832 8253 947341
57707 1569832 8522 1488626
57707 1569832 4305314 7200588
57707 1569832 11507 4722335
57707 1569832 92413 1610440
57707 1569832 13774 251916
135256 3795569 18110 273319
135256 3795569 53846 607797
135256 3795569 53117 1272811
135256 3795569 6097240 266197
135256 3795569 53825 1690643
135256 3795569 8210131 30680
135256 3795569 50548 666057
135256 3795569 50585 102952
135256 3795569 43730536 346055
135256 3795569 29631 810325
135256 3795569 797820 985178
135256 3795569 53848 2121760
135256 3795569 49728 319442
135256 3795569 29496260 474172
135256 3795569 11388236 432610
135256 3795569 57700 20500604
135256 3795569 97089 102226
135256 3795569 58681 2728629
135256 3795569 51278 2929310
135256 3795569 26997138 263064
135256 3795569 24437894 30068
135256 3795569 18522615 947371
135256 3795569 5951 738659
135256 3795569 6272 26022088
135256 3795569 6886 60961
135256 3795569 5647 773098
135256 3795569 53838 453580
135256 3795569 8253 947341
135256 3795569 8522 1488626
135256 3795569 4305314 7200588
135256 3795569 11507 4722335
135256 3795569 92413 1610440
135256 3795569 13774 251916
135256 3795569 57707 1569832
18110 273319 53846 607797
18110 273319 53117 1272811
18110 273319 6097240 266197
18110 273319 53825 1690643
18110 273319 8210131 30680
18110 273319 50548 666057
18110 273319 50585 102952
18110 273319 43730536 346055
18110 273319 29631 810325
18110 273319 797820 985178
18110 273319 53848 2121760
18110 273319 49728 319442
18110 273319 29496260 474172
18110 273319 11388236 432610
18110 273319 57700 20500604
18110 273319 97089 102226
18110 273319 58681 2728629
18110 273319 51278 2929310
18110 273319 26997138 263064
18110 273319 24437894 30068
18110 273319 18522615 947371
18110 273319 5951 738659
18110 273319 6272 26022088
18110 273319 6886 60961
18110 273319 5647 773098
18110 273319 53838 453580
18110 273319 8253 947341
18110 273319 8522 1488626
18110 273319 4305314 7200588
18110 273319 11507 4722335
18110 273319 92413 1610440
18110 273319 13774 251916
18110 273319 57707 1569832
18110 273319 135256 3795569
53846 607797 53117 1272811
53846 607797 6097240 266197
53846 607797 53825 1690643
53846 607797 8210131 30680
53846 607797 50548 666057
53846 607797 50585 102952
53846 607797 43730536 346055
53846 607797 29631 810325
53846 607797 797820 985178
53846 607797 53848 2121760
53846 607797 49728 319442
53846 607797 29496260 474172
53846 607797 11388236 432610
53846 607797 57700 20500604
53846 607797 97089 102226
53846 607797 58681 2728629
53846 607797 51278 2929310
53846 607797 26997138 263064
53846 607797 24437894 30068
53846 607797 18522615 947371
53846 607797 5951 738659
53846 607797 6272 26022088
53846 607797 6886 60961
53846 607797 5647 773098
53846 607797 53838 453580
53846 607797 8253 947341
53846 607797 8522 1488626
53846 607797 4305314 7200588
53846 607797 11507 4722335
53846 607797 92413 1610440
53846 607797 13774 251916
53846 607797 57707 1569832
53846 607797 135256 3795569
53846 607797 18110 273319
53117 1272811 6097240 266197
53117 1272811 53825 1690643
53117 1272811 8210131 30680
53117 1272811 50548 666057
53117 1272811 50585 102952
53117 1272811 43730536 346055
53117 1272811 29631 810325
53117 1272811 797820 985178
53117 1272811 53848 2121760
53117 1272811 49728 319442
53117 1272811 29496260 474172
53117 1272811 11388236 432610
53117 1272811 57700 20500604
53117 1272811 97089 102226
53117 1272811 58681 2728629
53117 1272811 51278 2929310
53117 1272811 26997138 263064
53117 1272811 24437894 30068
53117 1272811 18522615 947371
53117 1272811 5951 738659
53117 1272811 6272 26022088
53117 1272811 6886 60961
53117 1272811 5647 773098
53117 1272811 53838 453580
53117 1272811 8253 947341
53117 1272811 8522 1488626
53117 1272811 4305314 7200588
53117 1272811 11507 4722335
53117 1272811 92413 1610440
53117 1272811 13774 251916
53117 1272811 57707 1569832
53117 1272811 135256 3795569
53117 1272811 18110 273319
53117 1272811 53846 607797
6097240 266197 53825 1690643
6097240 266197 8210131 30680
6097240 266197 50548 666057
6097240 266197 50585 102952
6097240 266197 43730536 346055
6097240 266197 29631 810325
6097240 266197 797820 985178
6097240 266197 53848 2121760
6097240 266197 49728 319442
6097240 266197 29496260 474172
6097240 266197 11388236 432610
6097240 266197 57700 20500604
6097240 266197 97089 102226
6097240 266197 58681 2728629
6097240 266197 51278 2929310
6097240 266197 26997138 263064
6097240 266197 24437894 30068
6097240 266197 18522615 947371
6097240 266197 5951 738659
6097240 266197 6272 26022088
6097240 266197 6886 60961
6097240 266197 5647 773098
6097240 266197 53838 453580
6097240 266197 8253 947341
6097240 266197 8522 1488626
6097240 266197 4305314 7200588
6097240 266197 11507 4722335
6097240 266197 92413 1610440
6097240 266197 13774 251916
6097240 266197 57707 1569832
6097240 266197 135256 3795569
6097240 266197 18110 273319
6097240 266197 53846 607797
6097240 266197 53117 1272811
53825 1690643 8210131 30680
53825 1690643 50548 666057
53825 1690643 50585 102952
53825 1690643 43730536 346055
53825 1690643 29631 810325
53825 1690643 797820 985178
53825 1690643 53848 2121760
53825 1690643 49728 319442
53825 1690643 29496260 474172
53825 1690643 11388236 432610
53825 1690643 57700 20500604
53825 1690643 97089 102226
53825 1690643 58681 2728629
53825 1690643 51278 2929310
53825 1690643 26997138 263064
53825 1690643 24437894 30068
53825 1690643 18522615 947371
53825 1690643 5951 738659
53825 1690643 6272 26022088
53825 1690643 6886 60961
53825 1690643 5647 773098
53825 1690643 53838 453580
53825 1690643 8253 947341
53825 1690643 8522 1488626
53825 1690643 4305314 7200588
53825 1690643 11507 4722335
53825 1690643 92413 1610440
53825 1690643 13774 251916
53825 1690643 57707 1569832
53825 1690643 135256 3795569
53825 1690643 18110 273319
53825 1690643 53846 607797
53825 1690643 53117 1272811
53825 1690643 6097240 266197
8210131 30680 50548 666057
8210131 30680 50585 102952
8210131 30680 43730536 346055
8210131 30680 29631 810325
8210131 30680 797820 985178
8210131 30680 53848 2121760
8210131 30680 49728 319442
8210131 30680 29496260 474172
8210131 30680 11388236 432610
8210131 30680 57700 20500604
8210131 30680 97089 102226
8210131 30680 58681 2728629
8210131 30680 51278 2929310
8210131 30680 26997138 263064
8210131 30680 24437894 30068
8210131 30680 18522615 947371
8210131 30680 5951 738659
8210131 30680 6272 26022088
8210131 30680 6886 60961
8210131 30680 5647 773098
8210131 30680 53838 453580
8210131 30680 8253 947341
8210131 30680 8522 1488626
8210131 30680 4305314 7200588
8210131 30680 11507 4722335
8210131 30680 92413 1610440
8210131 30680 13774 251916
8210131 30680 57707 1569832
8210131 30680 135256 3795569
8210131 30680 18110 273319
8210131 30680 53846 607797
8210131 30680 53117 1272811
8210131 30680 6097240 266197
8210131 30680 53825 1690643
50548 666057 50585 102952
50548 666057 43730536 346055
50548 666057 29631 810325
50548 666057 797820 985178
50548 666057 53848 2121760
50548 666057 49728 319442
50548 666057 29496260 474172
50548 666057 11388236 432610
50548 666057 57700 20500604
50548 666057 97089 102226
50548 666057 58681 2728629
50548 666057 51278 2929310
50548 666057 26997138 263064
50548 666057 24437894 30068
50548 666057 18522615 947371
50548 666057 5951 738659
50548 666057 6272 26022088
50548 666057 6886 60961
50548 666057 5647 773098
50548 666057 53838 453580
50548 666057 8253 947341
50548 666057 8522 1488626
50548 666057 4305314 7200588
50548 666057 11507 4722335
50548 666057 92413 1610440
50548 666057 13774 251916
50548 666057 57707 1569832
50548 666057 135256 3795569
50548 666057 18110 273319
50548 666057 53846 607797
50548 666057 53117 1272811
50548 666057 6097240 266197
50548 666057 53825 1690643
50548 666057 8210131 30680
50585 102952 43730536 346055
50585 102952 29631 810325
50585 102952 797820 985178
50585 102952 53848 2121760
50585 102952 49728 319442
50585 102952 29496260 474172
50585 102952 11388236 432610
50585 102952 57700 20500604
50585 102952 97089 102226
50585 102952 58681 2728629
50585 102952 51278 2929310
50585 102952 26997138 263064
50585 102952 24437894 30068
50585 102952 18522615 947371
50585 102952 5951 738659
50585 102952 6272 26022088
50585 102952 6886 60961
50585 102952 5647 773098
50585 102952 53838 453580
50585 102952 8253 947341
50585 102952 8522 1488626
50585 102952 4305314 7200588
50585 102952 11507 4722335
50585 102952 92413 1610440
50585 102952 13774 251916
50585 102952 57707 1569832
50585 102952 135256 3795569
50585 102952 18110 273319
50585 102952 53846 607797
50585 102952 53117 1272811
50585 102952 6097240 266197
50585 102952 53825 1690643
50585 102952 8210131 30680
50585 102952 50548 666057
43730536 346055 29631 810325
43730536 346055 797820 985178
43730536 346055 53848 2121760
43730536 346055 49728 319442
43730536 346055 29496260 474172
43730536 346055 11388236 432610
43730536 346055 57700 20500604
43730536 346055 97089 102226
43730536 346055 58681 2728629
43730536 346055 51278 2929310
43730536 346055 26997138 263064
43730536 346055 24437894 30068
43730536 346055 18522615 947371
43730536 346055 5951 738659
43730536 346055 6272 26022088
43730536 346055 6886 60961
43730536 346055 5647 773098
43730536 346055 53838 453580
43730536 346055 8253 947341
43730536 346055 8522 1488626
43730536 346055 4305314 7200588
43730536 346055 11507 4722335
43730536 346055 92413 1610440
43730536 346055 13774 251916
43730536 346055 57707 1569832
43730536 346055 135256 3795569
43730536 346055 18110 273319
43730536 346055 53846 607797
43730536 346055 53117 1272811
43730536 346055 6097240 266197
43730536 346055 53825 1690643
43730536 346055 8210131 30680
43730536 346055 50548 666057
43730536 346055 50585 102952
29631 810325 797820 985178
29631 810325 53848 2121760
29631 810325 49728 319442
29631 810325 29496260 474172
29631 810325 11388236 432610
29631 810325 57700 20500604
29631 810325 97089 102226
29631 810325 58681 2728629
29631 810325 51278 2929310
29631 810325 26997138 263064
29631 810325 24437894 30068
29631 810325 18522615 947371
29631 810325 5951 738659
29631 810325 6272 26022088
29631 810325 6886 60961
29631 810325 5647 773098
29631 810325 53838 453580
29631 810325 8253 947341
29631 810325 8522 1488626
29631 810325 4305314 7200588
29631 810325 11507 4722335
29631 810325 92413 1610440
29631 810325 13774 251916
29631 810325 57707 1569832
29631 810325 135256 3795569
29631 810325 18110 273319
29631 810325 53846 607797
29631 810325 53117 1272811
29631 810325 6097240 266197
29631 810325 53825 1690643
29631 810325 8210131 30680
29631 810325 50548 666057
29631 810325 50585 102952
29631 810325 43730536 346055
797820 985178 53848 2121760
797820 985178 49728 319442
797820 985178 29496260 474172
797820 985178 11388236 432610
797820 985178 57700 20500604
797820 985178 97089 102226
797820 985178 58681 2728629
797820 985178 51278 2929310
797820 985178 26997138 263064
797820 985178 24437894 30068
797820 985178 18522615 947371
797820 985178 5951 738659
797820 985178 6272 26022088
797820 985178 6886 60961
797820 985178 5647 773098
797820 985178 53838 453580
797820 985178 8253 947341
797820 985178 8522 1488626
797820 985178 4305314 7200588
797820 985178 11507 4722335
797820 985178 92413 1610440
797820 985178 13774 251916
797820 985178 57707 1569832
797820 985178 135256 3795569
797820 985178 18110 273319
797820 985178 53846 607797
797820 985178 53117 1272811
797820 985178 6097240 266197
797820 985178 53825 1690643
797820 985178 8210131 30680
797820 985178 50548 666057
797820 985178 50585 102952
797820 985178 43730536 346055
797820 985178 29631 810325
53848 2121760 49728 319442
53848 2121760 29496260 474172
53848 2121760 11388236 432610
53848 2121760 57700 20500604
53848 2121760 97089 102226
53848 2121760 58681 2728629
53848 2121760 51278 2929310
53848 2121760 26997138 263064
53848 2121760 24437894 30068
53848 2121760 18522615 947371
53848 2121760 5951 738659
53848 2121760 6272 26022088
53848 2121760 6886 60961
53848 2121760 5647 773098
53848 2121760 53838 453580
53848 2121760 8253 947341
53848 2121760 8522 1488626
53848 2121760 4305314 7200588
53848 2121760 11507 4722335
53848 2121760 92413 1610440
53848 2121760 13774 251916
53848 2121760 57707 1569832
53848 2121760 135256 3795569
53848 2121760 18110 273319
53848 2121760 53846 607797
53848 2121760 53117 1272811
53848 2121760 6097240 266197
53848 2121760 53825 1690643
53848 2121760 8210131 30680
53848 2121760 50548 666057
53848 2121760 50585 102952
53848 2121760 43730536 346055
53848 2121760 29631 810325
53848 2121760 797820 985178
49728 319442 29496260 474172
49728 319442 11388236 432610
49728 319442 57700 20500604
49728 319442 97089 102226
49728 319442 58681 2728629
49728 319442 51278 2929310
49728 319442 26997138 263064
49728 319442 24437894 30068
49728 319442 18522615 947371
49728 319442 5951 738659
49728 319442 6272 26022088
49728 319442 6886 60961
49728 319442 5647 773098
49728 319442 53838 453580
49728 319442 8253 947341
49728 319442 8522 1488626
49728 319442 4305314 7200588
49728 319442 11507 4722335
49728 319442 92413 1610440
49728 319442 13774 251916
49728 319442 57707 1569832
49728 319442 135256 3795569
49728 319442 18110 273319
49728 319442 53846 607797
49728 319442 53117 1272811
49728 319442 6097240 266197
49728 319442 53825 1690643
49728 319442 8210131 30680
49728 319442 50548 666057
49728 319442 50585 102952
49728 319442 43730536 346055
49728 319442 29631 810325
49728 319442 797820 985178
49728 319442 53848 2121760
29496260 474172 11388236 432610
29496260 474172 57700 20500604
29496260 474172 97089 102226
29496260 474172 58681 2728629
29496260 474172 51278 2929310
29496260 474172 26997138 263064
29496260 474172 24437894 30068
29496260 474172 18522615 947371
29496260 474172 5951 738659
29496260 474172 6272 26022088
29496260 474172 6886 60961
29496260 474172 5647 773098
29496260 474172 53838 453580
29496260 474172 8253 947341
29496260 474172 8522 1488626
29496260 474172 4305314 7200588
29496260 474172 11507 4722335
29496260 474172 92413 1610440
29496260 474172 13774 251916
29496260 474172 57707 1569832
29496260 474172 135256 3795569
29496260 474172 18110 273319
29496260 474172 53846 607797
29496260 474172 53117 1272811
29496260 474172 6097240 266197
29496260 474172 53825 1690643
29496260 474172 8210131 30680
29496260 474172 50548 666057
29496260 474172 50585 102952
29496260 474172 43730536 346055
29496260 474172 29631 810325
29496260 474172 797820 985178
29496260 474172 53848 2121760
29496260 474172 49728 319442
11388236 432610 57700 20500604
11388236 432610 97089 102226
11388236 432610 58681 2728629
11388236 432610 51278 2929310
11388236 432610 26997138 263064
11388236 432610 24437894 30068
11388236 432610 18522615 947371
11388236 432610 5951 738659
11388236 432610 6272 26022088
11388236 432610 6886 60961
11388236 432610 5647 773098
11388236 432610 53838 453580
11388236 432610 8253 947341
11388236 432610 8522 1488626
11388236 432610 4305314 7200588
11388236 432610 11507 4722335
11388236 432610 92413 1610440
11388236 432610 13774 251916
11388236 432610 57707 1569832
11388236 432610 135256 3795569
11388236 432610 18110 273319
11388236 432610 53846 607797
11388236 432610 53117 1272811
11388236 432610 6097240 266197
11388236 432610 53825 1690643
11388236 432610 8210131 30680
11388236 432610 50548 666057
11388236 432610 50585 102952
11388236 432610 43730536 346055
11388236 432610 29631 810325
11388236 432610 797820 985178
11388236 432610 53848 2121760
11388236 432610 49728 319442
11388236 432610 29496260 474172
57700 20500604 97089 102226
57700 20500604 58681 2728629
57700 20500604 51278 2929310
57700 20500604 26997138 263064
57700 20500604 24437894 30068
57700 20500604 18522615 947371
57700 20500604 5951 738659
57700 20500604 6272 26022088
57700 20500604 6886 60961
57700 20500604 5647 773098
57700 20500604 53838 453580
57700 20500604 8253 947341
57700 20500604 8522 1488626
57700 20500604 4305314 7200588
57700 20500604 11507 4722335
57700 20500604 92413 1610440
57700 20500604 13774 251916
57700 20500604 57707 1569832
57700 20500604 135256 3795569
57700 20500604 18110 273319
57700 20500604 53846 607797
57700 20500604 53117 1272811
57700 20500604 6097240 266197
57700 20500604 53825 1690643
57700 20500604 8210131 30680
57700 20500604 50548 666057
57700 20500604 50585 102952
57700 20500604 43730536 346055
57700 20500604 29631 810325
57700 20500604 797820 985178
57700 20500604 53848 2121760
57700 20500604 49728 319442
57700 20500604 29496260 474172
57700 20500604 11388236 432610
97089 102226 58681 2728629
97089 102226 51278 2929310
97089 102226 26997138 263064
97089 102226 24437894 30068
97089 102226 18522615 947371
97089 102226 5951 738659
97089 102226 6272 26022088
97089 102226 6886 60961
97089 102226 5647 773098
97089 102226 53838 453580
97089 102226 8253 947341
97089 102226 8522 1488626
97089 102226 4305314 7200588
97089 102226 11507 4722335
97089 102226 92413 1610440
97089 102226 13774 251916
97089 102226 57707 1569832
97089 102226 135256 3795569
97089 102226 18110 273319
97089 102226 53846 607797
97089 102226 53117 1272811
97089 102226 6097240 266197
97089 102226 53825 1690643
97089 102226 8210131 30680
97089 102226 50548 666057
97089 102226 50585 102952
97089 102226 43730536 346055
97089 102226 29631 810325
97089 102226 797820 985178
97089 102226 53848 2121760
97089 102226 49728 319442
97089 102226 29496260 474172
97089 102226 11388236 432610
97089 102226 57700 20500604
58681 2728629 51278 2929310
58681 2728629 26997138 263064
58681 2728629 24437894 30068
58681 2728629 18522615 947371
58681 2728629 5951 738659
58681 2728629 6272 26022088
58681 2728629 6886 60961
58681 2728629 5647 773098
58681 2728629 53838 453580
58681 2728629 8253 947341
58681 2728629 8522 1488626
58681 2728629 4305314 7200588
58681 2728629 11507 4722335
58681 2728629 92413 1610440
58681 2728629 13774 251916
58681 2728629 57707 1569832
58681 2728629 135256 3795569
58681 2728629 18110 273319
58681 2728629 53846 607797
58681 2728629 53117 1272811
58681 2728629 6097240 266197
58681 2728629 53825 1690643
58681 2728629 8210131 30680
58681 2728629 50548 666057
58681 2728629 50585 102952
58681 2728629 43730536 346055
58681 2728629 29631 810325
58681 2728629 797820 985178
58681 2728629 53848 2121760
58681 2728629 49728 319442
58681 2728629 29496260 474172
58681 2728629 11388236 432610
58681 2728629 57700 20500604
58681 2728629 97089 102226
: ice_hockey
3138 70501 24437894 69523
3138 70501 4824 69918
3138 70501 15895358 23615827
3138 70501 195634 70523
3138 70501 5399 70948
3138 70501 5647 73128
3138 70501 53838 73135
3138 70501 8687 8795
3138 70501 95405 73129
3138 70501 18933066 70551
3138 70501 6886 73126
3138 70501 18110 73136
3138 70501 19590 73132
3138 70501 7954681 42966
3138 70501 22018 73140
3138 70501 21648 66743
3138 70501 22219 22705
3138 70501 50585 66941
3138 70501 23689 73138
3138 70501 25101 66964
3138 70501 29496260 73139
3138 70501 27687 30519527
3138 70501 635949 73124
3138 70501 64646 70155
3138 70501 32706 73133
3138 70501 97089 73125
3138 70501 100730 31876081
24437894 69523 4824 69918
24437894 69523 15895358 23615827
24437894 69523 195634 70523
24437894 69523 5399 70948
24437894 69523 5647 73128
24437894 69523 53838 73135
24437894 69523 8687 8795
24437894 69523 95405 73129
24437894 69523 18933066 70551
24437894 69523 6886 73126
24437894 69523 18110 73136
24437894 69523 19590 73132
24437894 69523 7954681 42966
24437894 69523 22018 73140
24437894 69523 21648 66743
24437894 69523 22219 22705
24437894 69523 50585 66941
24437894 69523 23689 73138
24437894 69523 25101 66964
24437894 69523 29496260 73139
24437894 69523 27687 30519527
24437894 69523 635949 73124
24437894 69523 64646 70155
24437894 69523 32706 73133
24437894 69523 97089 73125
24437894 69523 100730 31876081
24437894 69523 3138 70501
4824 69918 15895358 23615827
4824 69918 195634 70523
4824 69918 5399 70948
4824 69918 5647 73128
4824 69918 53838 73135
4824 69918 8687 8795
4824 69918 95405 73129
4824 69918 18933066 70551
4824 69918 6886 73126
4824 69918 18110 73136
4824 69918 19590 73132
4824 69918 7954681 42966
4824 69918 22018 73140
4824 69918 21648 66743
4824 69918 22219 22705
4824 69918 50585 66941
4824 69918 23689 73138
4824 69918 25101 66964
4824 69918 29496260 73139
4824 69918 27687 30519527
4824 69918 635949 73124
4824 69918 64646 70155
4824 69918 32706 73133
4824 69918 97089 73125
4824 69918 100730 31876081
4824 69918 3138 70501
4824 69918 24437894 69523
15895358 23615827 195634 70523
15895358 23615827 5399 70948
15895358 23615827 5647 73128
15895358 23615827 53838 73135
15895358 23615827 8687 8795
15895358 23615827 95405 73129
15895358 23615827 18933066 70551
15895358 23615827 6886 73126
15895358 23615827 18110 73136
15895358 23615827 19590 73132
15895358 23615827 7954681 42966
15895358 23615827 22018 73140
15895358 23615827 21648 66743
15895358 23615827 22219 22705
15895358 23615827 50585 66941
15895358 23615827 23689 73138
15895358 23615827 25101 66964
15895358 23615827 29496260 73139
15895358 23615827 27687 30519527
15895358 23615827 635949 73124
15895358 23615827 64646 70155
15895358 23615827 32706 73133
15895358 23615827 97089 73125
15895358 23615827 100730 31876081
15895358 23615827 3138 70501
15895358 23615827 24437894 69523
15895358 23615827 4824 69918
195634 70523 5399 70948
195634 70523 5647 73128
195634 70523 53838 73135
195634 70523 8687 8795
195634 70523 95405 73129
195634 70523 18933066 70551
195634 70523 6886 73126
195634 70523 18110 73136
195634 70523 19590 73132
195634 70523 7954681 42966
195634 70523 22018 73140
195634 70523 21648 66743
195634 70523 22219 22705
195634 70523 50585 66941
195634 70523 23689 73138
195634 70523 25101 66964
195634 70523 29496260 73139
195634 70523 27687 30519527
195634 70523 635949 73124
195634 70523 64646 70155
195634 70523 32706 73133
195634 70523 97089 73125
195634 70523 100730 31876081
195634 70523 3138 70501
195634 70523 24437894 69523
195634 70523 4824 69918
195634 70523 15895358 23615827
5399 70948 5647 73128
5399 70948 53838 73135
5399 70948 8687 8795
5399 70948 95405 73129
5399 70948 18933066 70551
5399 70948 6886 73126
5399 70948 18110 73136
5399 70948 19590 73132
5399 70948 7954681 42966
5399 70948 22018 73140
5399 70948 21648 66743
5399 70948 22219 22705
5399 70948 50585 66941
5399 70948 23689 73138
5399 70948 25101 66964
5399 70948 29496260 73139
5399 70948 27687 30519527
5399 70948 635949 73124
5399 70948 64646 70155
5399 70948 32706 73133
5399 70948 97089 73125
5399 70948 100730 31876081
5399 70948 3138 70501
5399 70948 24437894 69523
5399 70948 4824 69918
5399 70948 15895358 23615827
5399 70948 195634 70523
5647 73128 53838 73135
5647 73128 8687 8795
5647 73128 95405 73129
5647 73128 18933066 70551
5647 73128 6886 73126
5647 73128 18110 73136
5647 73128 19590 73132
5647 73128 7954681 42966
5647 73128 22018 73140
5647 73128 21648 66743
5647 73128 22219 22705
5647 73128 50585 66941
5647 73128 23689 73138
5647 73128 25101 66964
5647 73128 29496260 73139
5647 73128 27687 30519527
5647 73128 635949 73124
5647 73128 64646 70155
5647 73128 32706 73133
5647 73128 97089 73125
5647 73128 100730 31876081
5647 73128 3138 70501
5647 73128 24437894 69523
5647 73128 4824 69918
5647 73128 15895358 23615827
5647 73128 195634 70523
5647 73128 5399 70948
53838 73135 8687 8795
53838 73135 95405 73129
53838 73135 18933066 70551
53838 73135 6886 73126
53838 73135 18110 73136
53838 73135 19590 73132
53838 73135 7954681 42966
53838 73135 22018 73140
53838 73135 21648 66743
53838 73135 22219 22705
53838 73135 50585 66941
53838 73135 23689 73138
53838 73135 25101 66964
53838 73135 29496260 73139
53838 73135 27687 30519527
53838 73135 635949 73124
53838 73135 64646 70155
53838 73135 32706 73133
53838 73135 97089 73125
53838 73135 100730 31876081
53838 73135 3138 70501
53838 73135 24437894 69523
53838 73135 4824 69918
53838 73135 15895358 23615827
53838 73135 195634 70523
53838 73135 5399 70948
53838 73135 5647 73128
8687 8795 95405 73129
8687 8795 18933066 70551
8687 8795 6886 73126
8687 8795 18110 73136
8687 8795 19590 73132
8687 8795 7954681 42966
8687 8795 22018 73140
8687 8795 21648 66743
8687 8795 22219 22705
8687 8795 50585 66941
8687 8795 23689 73138
8687 8795 25101 66964
8687 8795 29496260 73139
8687 8795 27687 30519527
8687 8795 635949 73124
8687 8795 64646 70155
8687 8795 32706 73133
8687 8795 97089 73125
8687 8795 100730 31876081
8687 8795 3138 70501
8687 8795 24437894 69523
8687 8795 4824 69918
8687 8795 15895358 23615827
8687 8795 195634 70523
8687 8795 5399 70948
8687 8795 5647 73128
8687 8795 53838 73135
95405 73129 18933066 70551
95405 73129 6886 73126
95405 73129 18110 73136
95405 73129 19590 73132
95405 73129 7954681 42966
95405 73129 22018 73140
95405 73129 21648 66743
95405 73129 22219 22705
95405 73129 50585 66941
95405 73129 23689 73138
95405 73129 25101 66964
95405 73129 29496260 73139
95405 73129 27687 30519527
95405 73129 635949 73124
95405 73129 64646 70155
95405 73129 32706 73133
95405 73129 97089 73125
95405 73129 100730 31876081
95405 73129 3138 70501
95405 73129 24437894 69523
95405 73129 4824 69918
95405 73129 15895358 23615827
95405 73129 195634 70523
95405 73129 5399 70948
95405 73129 5647 73128
95405 73129 53838 73135
95405 73129 8687 8795
18933066 70551 6886 73126
18933066 70551 18110 73136
18933066 70551 19590 73132
18933066 70551 7954681 42966
18933066 70551 22018 73140
18933066 70551 21648 66743
18933066 70551 22219 22705
18933066 70551 50585 66941
18933066 70551 23689 73138
18933066 70551 25101 66964
18933066 70551 29496260 73139
18933066 70551 27687 30519527
18933066 70551 635949 73124
18933066 70551 64646 70155
18933066 70551 32706 73133
18933066 70551 97089 73125
18933066 70551 100730 31876081
18933066 70551 3138 70501
18933066 70551 24437894 69523
18933066 70551 4824 69918
18933066 70551 15895358 23615827
18933066 70551 195634 70523
18933066 70551 5399 70948
18933066 70551 5647 73128
18933066 70551 53838 73135
18933066 70551 8687 8795
18933066 70551 95405 73129
6886 73126 18110 73136
6886 73126 19590 73132
6886 73126 7954681 42966
6886 73126 22018 73140
6886 73126 21648 66743
6886 73126 22219 22705
6886 73126 50585 66941
6886 73126 23689 73138
6886 73126 25101 66964
6886 73126 29496260 73139
6886 73126 27687 30519527
6886 73126 635949 73124
6886 73126 64646 70155
6886 73126 32706 73133
6886 73126 97089 73125
6886 73126 100730 31876081
6886 73126 3138 70501
6886 73126 24437894 69523
6886 73126 4824 69918
6886 73126 15895358 23615827
6886 73126 195634 70523
6886 73126 5399 70948
6886 73126 5647 73128
6886 73126 53838 73135
6886 73126 8687 8795
6886 73126 95405 73129
6886 73126 18933066 70551
18110 73136 19590 73132
18110 73136 7954681 42966
18110 73136 22018 73140
18110 73136 21648 66743
18110 73136 22219 22705
18110 73136 50585 66941
18110 73136 23689 73138
18110 73136 25101 66964
18110 73136 29496260 73139
18110 73136 27687 30519527
18110 73136 635949 73124
18110 73136 64646 70155
18110 73136 32706 73133
18110 73136 97089 73125
18110 73136 100730 31876081
18110 73136 3138 70501
18110 73136 24437894 69523
18110 73136 4824 69918
18110 73136 15895358 23615827
18110 73136 195634 70523
18110 73136 5399 70948
18110 73136 5647 73128
18110 73136 53838 73135
18110 73136 8687 8795
18110 73136 95405 73129
18110 73136 18933066 70551
18110 73136 6886 73126
19590 73132 7954681 42966
19590 73132 22018 73140
19590 73132 21648 66743
19590 73132 22219 22705
19590 73132 50585 66941
19590 73132 23689 73138
19590 73132 25101 66964
19590 73132 29496260 73139
19590 73132 27687 30519527
19590 73132 635949 73124
19590 73132 64646 70155
19590 73132 32706 73133
19590 73132 97089 73125
19590 73132 100730 31876081
19590 73132 3138 70501
19590 73132 24437894 69523
19590 73132 4824 69918
19590 73132 15895358 23615827
19590 73132 195634 70523
19590 73132 5399 70948
19590 73132 5647 73128
19590 73132 53838 73135
19590 73132 8687 8795
19590 73132 95405 73129
19590 73132 18933066 70551
19590 73132 6886 73126
19590 73132 18110 73136
7954681 42966 22018 73140
7954681 42966 21648 66743
7954681 42966 22219 22705
7954681 42966 50585 66941
7954681 42966 23689 73138
7954681 42966 25101 66964
7954681 42966 29496260 73139
7954681 42966 27687 30519527
7954681 42966 635949 73124
7954681 42966 64646 70155
7954681 42966 32706 73133
7954681 42966 97089 73125
7954681 42966 100730 31876081
7954681 42966 3138 70501
7954681 42966 24437894 69523
7954681 42966 4824 69918
7954681 42966 15895358 23615827
7954681 42966 195634 70523
7954681 42966 5399 70948
7954681 42966 5647 73128
7954681 42966 53838 73135
7954681 42966 8687 8795
7954681 42966 95405 73129
7954681 42966 18933066 70551
7954681 42966 6886 73126
7954681 42966 18110 73136
7954681 42966 19590 73132
22018 73140 21648 66743
22018 73140 22219 22705
22018 73140 50585 66941
22018 73140 23689 73138
22018 73140 25101 66964
22018 73140 29496260 73139
22018 73140 27687 30519527
22018 73140 635949 73124
22018 73140 64646 70155
22018 73140 32706 73133
22018 73140 97089 73125
22018 73140 100730 31876081
22018 73140 3138 70501
22018 73140 24437894 69523
22018 73140 4824 69918
22018 73140 15895358 23615827
22018 73140 195634 70523
22018 73140 5399 70948
22018 73140 5647 73128
22018 73140 53838 73135
22018 73140 8687 8795
22018 73140 95405 73129
22018 73140 18933066 70551
22018 73140 6886 73126
22018 73140 18110 73136
22018 73140 19590 73132
22018 73140 7954681 42966
21648 66743 22219 22705
21648 66743 50585 66941
21648 66743 23689 73138
21648 66743 25101 66964
21648 66743 29496260 73139
21648 66743 27687 30519527
21648 66743 635949 73124
21648 66743 64646 70155
21648 66743 32706 73133
21648 66743 97089 73125
21648 66743 100730 31876081
21648 66743 3138 70501
21648 66743 24437894 69523
21648 66743 4824 69918
21648 66743 15895358 23615827
21648 66743 195634 70523
21648 66743 5399 70948
21648 66743 5647 73128
21648 66743 53838 73135
21648 66743 8687 8795
21648 66743 95405 73129
21648 66743 18933066 70551
21648 66743 6886 73126
21648 66743 18110 73136
21648 66743 19590 73132
21648 66743 7954681 42966
21648 66743 22018 73140
22219 22705 50585 66941
22219 22705 23689 73138
22219 22705 25101 66964
22219 22705 29496260 73139
22219 22705 27687 30519527
22219 22705 635949 73124
22219 22705 64646 70155
22219 22705 32706 73133
22219 22705 97089 73125
22219 22705 100730 31876081
22219 22705 3138 70501
22219 22705 24437894 69523
22219 22705 4824 69918
22219 22705 15895358 23615827
22219 22705 195634 70523
22219 22705 5399 70948
22219 22705 5647 73128
22219 22705 53838 73135
22219 22705 8687 8795
22219 22705 95405 73129
22219 22705 18933066 70551
22219 22705 6886 73126
22219 22705 18110 73136
22219 22705 19590 73132
22219 22705 7954681 42966
22219 22705 22018 73140
22219 22705 21648 66743
50585 66941 23689 73138
50585 66941 25101 66964
50585 66941 29496260 73139
50585 66941 27687 30519527
50585 66941 635949 73124
50585 66941 64646 70155
50585 66941 32706 73133
50585 66941 97089 73125
50585 66941 100730 31876081
50585 66941 3138 70501
50585 66941 24437894 69523
50585 66941 4824 69918
50585 66941 15895358 23615827
50585 66941 195634 70523
50585 66941 5399 70948
50585 66941 5647 73128
50585 66941 53838 73135
50585 66941 8687 8795
50585 66941 95405 73129
50585 66941 18933066 70551
50585 66941 6886 73126
50585 66941 18110 73136
50585 66941 19590 73132
50585 66941 7954681 42966
50585 66941 22018 73140
50585 66941 21648 66743
50585 66941 22219 22705
23689 73138 25101 66964
23689 73138 29496260 73139
23689 73138 27687 30519527
23689 73138 635949 73124
23689 73138 64646 70155
23689 73138 32706 73133
23689 73138 97089 73125
23689 73138 100730 31876081
23689 73138 3138 70501
23689 73138 24437894 69523
23689 73138 4824 69918
23689 73138 15895358 23615827
23689 73138 195634 70523
23689 73138 5399 70948
23689 73138 5647 73128
23689 73138 53838 73135
23689 73138 8687 8795
23689 73138 95405 73129
23689 73138 18933066 70551
23689 73138 6886 73126
23689 73138 18110 73136
23689 73138 19590 73132
23689 73138 7954681 42966
23689 73138 22018 73140
23689 73138 21648 66743
23689 73138 22219 22705
23689 73138 50585 66941
25101 66964 29496260 73139
25101 66964 27687 30519527
25101 66964 635949 73124
25101 66964 64646 70155
25101 66964 32706 73133
25101 66964 97089 73125
25101 66964 100730 31876081
25101 66964 3138 70501
25101 66964 24437894 69523
25101 66964 4824 69918
25101 66964 15895358 23615827
25101 66964 195634 70523
25101 66964 5399 70948
25101 66964 5647 73128
25101 66964 53838 73135
25101 66964 8687 8795
25101 66964 95405 73129
25101 66964 18933066 70551
25101 66964 6886 73126
25101 66964 18110 73136
25101 66964 19590 73132
25101 66964 7954681 42966
25101 66964 22018 73140
25101 66964 21648 66743
25101 66964 22219 22705
25101 66964 50585 66941
25101 66964 23689 73138
29496260 73139 27687 30519527
29496260 73139 635949 73124
29496260 73139 64646 70155
29496260 73139 32706 73133
29496260 73139 97089 73125
29496260 73139 100730 31876081
29496260 73139 3138 70501
29496260 73139 24437894 69523
29496260 73139 4824 69918
29496260 73139 15895358 23615827
29496260 73139 195634 70523
29496260 73139 5399 70948
29496260 73139 5647 73128
29496260 73139 53838 73135
29496260 73139 8687 8795
29496260 73139 95405 73129
29496260 73139 18933066 70551
29496260 73139 6886 73126
29496260 73139 18110 73136
29496260 73139 19590 73132
29496260 73139 7954681 42966
29496260 73139 22018 73140
29496260 73139 21648 66743
29496260 73139 22219 22705
29496260 73139 50585 66941
29496260 73139 23689 73138
29496260 73139 25101 66964
27687 30519527 635949 73124
27687 30519527 64646 70155
27687 30519527 32706 73133
27687 30519527 97089 73125
27687 30519527 100730 31876081
27687 30519527 3138 70501
27687 30519527 24437894 69523
27687 30519527 4824 69918
27687 30519527 15895358 23615827
27687 30519527 195634 70523
27687 30519527 5399 70948
27687 30519527 5647 73128
27687 30519527 53838 73135
27687 30519527 8687 8795
27687 30519527 95405 73129
27687 30519527 18933066 70551
27687 30519527 6886 73126
27687 30519527 18110 73136
27687 30519527 19590 73132
27687 30519527 7954681 42966
27687 30519527 22018 73140
27687 30519527 21648 66743
27687 30519527 22219 22705
27687 30519527 50585 66941
27687 30519527 23689 73138
27687 30519527 25101 66964
27687 30519527 29496260 73139
635949 73124 64646 70155
635949 73124 32706 73133
635949 73124 97089 73125
635949 73124 100730 31876081
635949 73124 3138 70501
635949 73124 24437894 69523
635949 73124 4824 69918
635949 73124 15895358 23615827
635949 73124 195634 70523
635949 73124 5399 70948
635949 73124 5647 73128
635949 73124 53838 73135
635949 73124 8687 8795
635949 73124 95405 73129
635949 73124 18933066 70551
635949 73124 6886 73126
635949 73124 18110 73136
635949 73124 19590 73132
635949 73124 7954681 42966
635949 73124 22018 73140
635949 73124 21648 66743
635949 73124 22219 22705
635949 73124 50585 66941
635949 73124 23689 73138
635949 73124 25101 66964
635949 73124 29496260 73139
635949 73124 27687 30519527
64646 70155 32706 73133
64646 70155 97089 73125
64646 70155 100730 31876081
64646 70155 3138 70501
64646 70155 24437894 69523
64646 70155 4824 69918
64646 70155 15895358 23615827
64646 70155 195634 70523
64646 70155 5399 70948
64646 70155 5647 73128
64646 70155 53838 73135
64646 70155 8687 8795
64646 70155 95405 73129
64646 70155 18933066 70551
64646 70155 6886 73126
64646 70155 18110 73136
64646 70155 19590 73132
64646 70155 7954681 42966
64646 70155 22018 73140
64646 70155 21648 66743
64646 70155 22219 22705
64646 70155 50585 66941
64646 70155 23689 73138
64646 70155 25101 66964
64646 70155 29496260 73139
64646 70155 27687 30519527
64646 70155 635949 73124
32706 73133 97089 73125
32706 73133 100730 31876081
32706 73133 3138 70501
32706 73133 24437894 69523
32706 73133 4824 69918
32706 73133 15895358 23615827
32706 73133 195634 70523
32706 73133 5399 70948
32706 73133 5647 73128
32706 73133 53838 73135
32706 73133 8687 8795
32706 73133 95405 73129
32706 73133 18933066 70551
32706 73133 6886 73126
32706 73133 18110 73136
32706 73133 19590 73132
32706 73133 7954681 42966
32706 73133 22018 73140
32706 73133 21648 66743
32706 73133 22219 22705
32706 73133 50585 66941
32706 73133 23689 73138
32706 73133 25101 66964
32706 73133 29496260 73139
32706 73133 27687 30519527
32706 73133 635949 73124
32706 73133 64646 70155
97089 73125 100730 31876081
97089 73125 3138 70501
97089 73125 24437894 69523
97089 73125 4824 69918
97089 73125 15895358 23615827
97089 73125 195634 70523
97089 73125 5399 70948
97089 73125 5647 73128
97089 73125 53838 73135
97089 73125 8687 8795
97089 73125 95405 73129
97089 73125 18933066 70551
97089 73125 6886 73126
97089 73125 18110 73136
97089 73125 19590 73132
97089 73125 7954681 42966
97089 73125 22018 73140
97089 73125 21648 66743
97089 73125 22219 22705
97089 73125 50585 66941
97089 73125 23689 73138
97089 73125 25101 66964
97089 73125 29496260 73139
97089 73125 27687 30519527
97089 73125 635949 73124
97089 73125 64646 70155
97089 73125 32706 73133
100730 31876081 3138 70501
100730 31876081 24437894 69523
100730 31876081 4824 69918
100730 31876081 15895358 23615827
100730 31876081 195634 70523
100730 31876081 5399 70948
100730 31876081 5647 73128
100730 31876081 53838 73135
100730 31876081 8687 8795
100730 31876081 95405 73129
100730 31876081 18933066 70551
100730 31876081 6886 73126
100730 31876081 18110 73136
100730 31876081 19590 73132
100730 31876081 7954681 42966
100730 31876081 22018 73140
100730 31876081 21648 66743
100730 31876081 22219 22705
100730 31876081 50585 66941
100730 31876081 23689 73138
100730 31876081 25101 66964
100730 31876081 29496260 73139
100730 31876081 27687 30519527
100730 31876081 635949 73124
100730 31876081 64646 70155
100730 31876081 32706 73133
100730 31876081 97089 73125
: basketball
3138 72861 24437894 43376
3138 72861 5951 72868
3138 72861 53838 72880
3138 72861 8522 72883
3138 72861 8687 72871
3138 72861 13774 72885
3138 72861 57447 243389
3138 72861 6886 72866
3138 72861 21883857 72875
3138 72861 48607 72886
3138 72861 53846 72850
3138 72861 53117 72878
3138 72861 19590 72887
3138 72861 8210131 72855
3138 72861 50548 72891
3138 72861 57848 18256220
3138 72861 100582 72856
3138 72861 23689 72895
3138 72861 43730536 72897
3138 72861 29631 72898
3138 72861 53848 72889
3138 72861 64646 72879
3138 72861 31716 72890
3138 72861 97089 72858
24437894 43376 5951 72868
24437894 43376 53838 72880
24437894 43376 8522 72883
24437894 43376 8687 72871
24437894 43376 13774 72885
24437894 43376 57447 243389
24437894 43376 6886 72866
24437894 43376 21883857 72875
24437894 43376 48607 72886
24437894 43376 53846 72850
24437894 43376 53117 72878
24437894 43376 19590 72887
24437894 43376 8210131 72855
24437894 43376 50548 72891
24437894 43376 57848 18256220
24437894 43376 100582 72856
24437894 43376 23689 72895
24437894 43376 43730536 72897
24437894 43376 29631 72898
24437894 43376 53848 72889
24437894 43376 64646 72879
24437894 43376 31716 72890
24437894 43376 97089 72858
24437894 43376 3138 72861
5951 72868 53838 72880
5951 72868 8522 72883
5951 72868 8687 72871
5951 72868 13774 72885
5951 72868 57447 243389
5951 72868 6886 72866
5951 72868 21883857 72875
5951 72868 48607 72886
5951 72868 53846 72850
5951 72868 53117 72878
5951 72868 19590 72887
5951 72868 8210131 72855
5951 72868 50548 72891
5951 72868 57848 18256220
5951 72868 100582 72856
5951 72868 23689 72895
5951 72868 43730536 72897
5951 72868 29631 72898
5951 72868 53848 72889
5951 72868 64646 72879
5951 72868 31716 72890
5951 72868 97089 72858
5951 72868 3138 72861
5951 72868 24437894 43376
53838 72880 8522 72883
53838 72880 8687 72871
53838 72880 13774 72885
53838 72880 57447 243389
53838 72880 6886 72866
53838 72880 21883857 72875
53838 72880 48607 72886
53838 72880 53846 72850
53838 72880 53117 72878
53838 72880 19590 72887
53838 72880 8210131 72855
53838 72880 50548 72891
53838 72880 57848 18256220
53838 72880 100582 72856
53838 72880 23689 72895
53838 72880 43730536 72897
53838 72880 29631 72898
53838 72880 53848 72889
53838 72880 64646 72879
53838 72880 31716 72890
53838 72880 97089 72858
53838 72880 3138 72861
53838 72880 24437894 43376
53838 72880 5951 72868
8522 72883 8687 72871
8522 72883 13774 72885
8522 72883 57447 243389
8522 72883 6886 72866
8522 72883 21883857 72875
8522 72883 48607 72886
8522 72883 53846 72850
8522 72883 53117 72878
8522 72883 19590 72887
8522 72883 8210131 72855
8522 72883 50548 72891
8522 72883 57848 18256220
8522 72883 100582 72856
8522 72883 23689 72895
8522 72883 43730536 72897
8522 72883 29631 72898
8522 72883 53848 72889
8522 72883 64646 72879
8522 72883 31716 72890
8522 72883 97089 72858
8522 72883 3138 72861
8522 72883 24437894 43376
8522 72883 5951 72868
8522 72883 53838 72880
8687 72871 13774 72885
8687 72871 57447 243389
8687 72871 6886 72866
8687 72871 21883857 72875
8687 72871 48607 72886
8687 72871 53846 72850
8687 72871 53117 72878
8687 72871 19590 72887
8687 72871 8210131 72855
8687 72871 50548 72891
8687 72871 57848 18256220
8687 72871 100582 72856
8687 72871 23689 72895
8687 72871 43730536 72897
8687 72871 29631 72898
8687 72871 53848 72889
8687 72871 64646 72879
8687 72871 31716 72890
8687 72871 97089 72858
8687 72871 3138 72861
8687 72871 24437894 43376
8687 72871 5951 72868
8687 72871 53838 72880
8687 72871 8522 72883
13774 72885 57447 243389
13774 72885 6886 72866
13774 72885 21883857 72875
13774 72885 48607 72886
13774 72885 53846 72850
13774 72885 53117 72878
13774 72885 19590 72887
13774 72885 8210131 72855
13774 72885 50548 72891
13774 72885 57848 18256220
13774 72885 100582 72856
13774 72885 23689 72895
13774 72885 43730536 72897
13774 72885 29631 72898
13774 72885 53848 72889
13774 72885 64646 72879
13774 72885 31716 72890
13774 72885 97089 72858
13774 72885 3138 72861
13774 72885 24437894 43376
13774 72885 5951 72868
13774 72885 53838 72880
13774 72885 8522 72883
13774 72885 8687 72871
57447 243389 6886 72866
57447 243389 21883857 72875
57447 243389 48607 72886
57447 243389 53846 72850
57447 243389 53117 72878
57447 243389 19590 72887
57447 243389 8210131 72855
57447 243389 50548 72891
57447 243389 57848 18256220
57447 243389 100582 72856
57447 243389 23689 72895
57447 243389 43730536 72897
57447 243389 29631 72898
57447 243389 53848 72889
57447 243389 64646 72879
57447 243389 31716 72890
57447 243389 97089 72858
57447 243389 3138 72861
57447 243389 24437894 43376
57447 243389 5951 72868
57447 243389 53838 72880
57447 243389 8522 72883
57447 243389 8687 72871
57447 243389 13774 72885
6886 72866 21883857 72875
6886 72866 48607 72886
6886 72866 53846 72850
6886 72866 53117 72878
6886 72866 19590 72887
6886 72866 8210131 72855
6886 72866 50548 72891
6886 72866 57848 18256220
6886 72866 100582 72856
6886 72866 23689 72895
6886 72866 43730536 72897
6886 72866 29631 72898
6886 72866 53848 72889
6886 72866 64646 72879
6886 72866 31716 72890
6886 72866 97089 72858
6886 72866 3138 72861
6886 72866 24437894 43376
6886 72866 5951 72868
6886 72866 53838 72880
6886 72866 8522 72883
6886 72866 8687 72871
6886 72866 13774 72885
6886 72866 57447 243389
21883857 72875 48607 72886
21883857 72875 53846 72850
21883857 72875 53117 72878
21883857 72875 19590 72887
21883857 72875 8210131 72855
21883857 72875 50548 72891
21883857 72875 57848 18256220
21883857 72875 100582 72856
21883857 72875 23689 72895
21883857 72875 43730536 72897
21883857 72875 29631 72898
21883857 72875 53848 72889
21883857 72875 64646 72879
21883857 72875 31716 72890
21883857 72875 97089 72858
21883857 72875 3138 72861
21883857 72875 24437894 43376
21883857 72875 5951 72868
21883857 72875 53838 72880
21883857 72875 8522 72883
21883857 72875 8687 72871
21883857 72875 13774 72885
21883857 72875 57447 243389
21883857 72875 6886 72866
48607 72886 53846 72850
48607 72886 53117 72878
48607 72886 19590 72887
48607 72886 8210131 72855
48607 72886 50548 72891
48607 72886 57848 18256220
48607 72886 100582 72856
48607 72886 23689 72895
48607 72886 43730536 72897
48607 72886 29631 72898
48607 72886 53848 72889
48607 72886 64646 72879
48607 72886 31716 72890
48607 72886 97089 72858
48607 72886 3138 72861
48607 72886 24437894 43376
48607 72886 5951 72868
48607 72886 53838 72880
48607 72886 8522 72883
48607 72886 8687 72871
48607 72886 13774 72885
48607 72886 57447 243389
48607 72886 6886 72866
48607 72886 21883857 72875
53846 72850 53117 72878
53846 72850 19590 72887
53846 72850 8210131 72855
53846 72850 50548 72891
53846 72850 57848 18256220
53846 72850 100582 72856
53846 72850 23689 72895
53846 72850 43730536 72897
53846 72850 29631 72898
53846 72850 53848 72889
53846 72850 64646 72879
53846 72850 31716 72890
53846 72850 97089 72858
53846 72850 3138 72861
53846 72850 24437894 43376
53846 72850 5951 72868
53846 72850 53838 72880
53846 72850 8522 72883
53846 72850 8687 72871
53846 72850 13774 72885
53846 72850 57447 243389
53846 72850 6886 72866
53846 72850 21883857 72875
53846 72850 48607 72886
53117 72878 19590 72887
53117 72878 8210131 72855
53117 72878 50548 72891
53117 72878 57848 18256220
53117 72878 100582 72856
53117 72878 23689 72895
53117 72878 43730536 72897
53117 72878 29631 72898
53117 72878 53848 72889
53117 72878 64646 72879
53117 72878 31716 72890
53117 72878 97089 72858
53117 72878 3138 72861
53117 72878 24437894 43376
53117 72878 5951 72868
53117 72878 53838 72880
53117 72878 8522 72883
53117 72878 8687 72871
53117 72878 13774 72885
53117 72878 57447 243389
53117 72878 6886 72866
53117 72878 21883857 72875
53117 72878 48607 72886
53117 72878 53846 72850
19590 72887 8210131 72855
19590 72887 50548 72891
19590 72887 57848 18256220
19590 72887 100582 72856
19590 72887 23689 72895
19590 72887 43730536 72897
19590 72887 29631 72898
19590 72887 53848 72889
19590 72887 64646 72879
19590 72887 31716 72890
19590 72887 97089 72858
19590 72887 3138 72861
19590 72887 24437894 43376
19590 72887 5951 72868
19590 72887 53838 72880
19590 72887 8522 72883
19590 72887 8687 72871
19590 72887 13774 72885
19590 72887 57447 243389
19590 72887 6886 72866
19590 72887 21883857 72875
19590 72887 48607 72886
19590 72887 53846 72850
19590 72887 53117 72878
8210131 72855 50548 72891
8210131 72855 57848 18256220
8210131 72855 100582 72856
8210131 72855 23689 72895
8210131 72855 43730536 72897
8210131 72855 29631 72898
8210131 72855 53848 72889
8210131 72855 64646 72879
8210131 72855 31716 72890
8210131 72855 97089 72858
8210131 72855 3138 72861
8210131 72855 24437894 43376
8210131 72855 5951 72868
8210131 72855 53838 72880
8210131 72855 8522 72883
8210131 72855 8687 72871
8210131 72855 13774 72885
8210131 72855 57447 243389
8210131 72855 6886 72866
8210131 72855 21883857 72875
8210131 72855 48607 72886
8210131 72855 53846 72850
8210131 72855 53117 72878
8210131 72855 19590 72887
50548 72891 57848 18256220
50548 72891 100582 72856
50548 72891 23689 72895
50548 72891 43730536 72897
50548 72891 29631 72898
50548 72891 53848 72889
50548 72891 64646 72879
50548 72891 31716 72890
50548 72891 97089 72858
50548 72891 3138 72861
50548 72891 24437894 43376
50548 72891 5951 72868
50548 72891 53838 72880
50548 72891 8522 72883
50548 72891 8687 72871
50548 72891 13774 72885
50548 72891 57447 243389
50548 72891 6886 72866
50548 72891 21883857 72875
50548 72891 48607 72886
50548 72891 53846 72850
50548 72891 53117 72878
50548 72891 19590 72887
50548 72891 8210131 72855
57848 18256220 100582 72856
57848 18256220 23689 72895
57848 18256220 43730536 72897
57848 18256220 29631 72898
57848 18256220 53848 72889
57848 18256220 64646 72879
57848 18256220 31716 72890
57848 18256220 97089 72858
57848 18256220 3138 72861
57848 18256220 24437894 43376
57848 18256220 5951 72868
57848 18256220 53838 72880
57848 18256220 8522 72883
57848 18256220 8687 72871
57848 18256220 13774 72885
57848 18256220 57447 243389
57848 18256220 6886 72866
57848 18256220 21883857 72875
57848 18256220 48607 72886
57848 18256220 53846 72850
57848 18256220 53117 72878
57848 18256220 19590 72887
57848 18256220 8210131 72855
57848 18256220 50548 72891
100582 72856 23689 72895
100582 72856 43730536 72897
100582 72856 29631 72898
100582 72856 53848 72889
100582 72856 64646 72879
100582 72856 31716 72890
100582 72856 97089 72858
100582 72856 3138 72861
100582 72856 24437894 43376
100582 72856 5951 72868
100582 72856 53838 72880
100582 72856 8522 72883
100582 72856 8687 72871
100582 72856 13774 72885
100582 72856 57447 243389
100582 72856 6886 72866
100582 72856 21883857 72875
100582 72856 48607 72886
100582 72856 53846 72850
100582 72856 53117 72878
100582 72856 19590 72887
100582 72856 8210131 72855
100582 72856 50548 72891
100582 72856 57848 18256220
23689 72895 43730536 72897
23689 72895 29631 72898
23689 72895 53848 72889
23689 72895 64646 72879
23689 72895 31716 72890
23689 72895 97089 72858
23689 72895 3138 72861
23689 72895 24437894 43376
23689 72895 5951 72868
23689 72895 53838 72880
23689 72895 8522 72883
23689 72895 8687 72871
23689 72895 13774 72885
23689 72895 57447 243389
23689 72895 6886 72866
23689 72895 21883857 72875
23689 72895 48607 72886
23689 72895 53846 72850
23689 72895 53117 72878
23689 72895 19590 72887
23689 72895 8210131 72855
23689 72895 50548 72891
23689 72895 57848 18256220
23689 72895 100582 72856
43730536 72897 29631 72898
43730536 72897 53848 72889
43730536 72897 64646 72879
43730536 72897 31716 72890
43730536 72897 97089 72858
43730536 72897 3138 72861
43730536 72897 24437894 43376
43730536 72897 5951 72868
43730536 72897 53838 72880
43730536 72897 8522 72883
43730536 72897 8687 72871
43730536 72897 13774 72885
43730536 72897 57447 243389
43730536 72897 6886 72866
43730536 72897 21883857 72875
43730536 72897 48607 72886
43730536 72897 53846 72850
43730536 72897 53117 72878
43730536 72897 19590 72887
43730536 72897 8210131 72855
43730536 72897 50548 72891
43730536 72897 57848 18256220
43730536 72897 100582 72856
43730536 72897 23689 72895
29631 72898 53848 72889
29631 72898 64646 72879
29631 72898 31716 72890
29631 72898 97089 72858
29631 72898 3138 72861
29631 72898 24437894 43376
29631 72898 5951 72868
29631 72898 53838 72880
29631 72898 8522 72883
29631 72898 8687 72871
29631 72898 13774 72885
29631 72898 57447 243389
29631 72898 6886 72866
29631 72898 21883857 72875
29631 72898 48607 72886
29631 72898 53846 72850
29631 72898 53117 72878
29631 72898 19590 72887
29631 72898 8210131 72855
29631 72898 50548 72891
29631 72898 57848 18256220
29631 72898 100582 72856
29631 72898 23689 72895
29631 72898 43730536 72897
53848 72889 64646 72879
53848 72889 31716 72890
53848 72889 97089 72858
53848 72889 3138 72861
53848 72889 24437894 43376
53848 72889 5951 72868
53848 72889 53838 72880
53848 72889 8522 72883
53848 72889 8687 72871
53848 72889 13774 72885
53848 72889 57447 243389
53848 72889 6886 72866
53848 72889 21883857 72875
53848 72889 48607 72886
53848 72889 53846 72850
53848 72889 53117 72878
53848 72889 19590 72887
53848 72889 8210131 72855
53848 72889 50548 72891
53848 72889 57848 18256220
53848 72889 100582 72856
53848 72889 23689 72895
53848 72889 43730536 72897
53848 72889 29631 72898
64646 72879 31716 72890
64646 72879 97089 72858
64646 72879 3138 72861
64646 72879 24437894 43376
64646 72879 5951 72868
64646 72879 53838 72880
64646 72879 8522 72883
64646 72879 8687 72871
64646 72879 13774 72885
64646 72879 57447 243389
64646 72879 6886 72866
64646 72879 21883857 72875
64646 72879 48607 72886
64646 72879 53846 72850
64646 72879 53117 72878
64646 72879 19590 72887
64646 72879 8210131 72855
64646 72879 50548 72891
64646 72879 57848 18256220
64646 72879 100582 72856
64646 72879 23689 72895
64646 72879 43730536 72897
64646 72879 29631 72898
64646 72879 53848 72889
31716 72890 97089 72858
31716 72890 3138 72861
31716 72890 24437894 43376
31716 72890 5951 72868
31716 72890 53838 72880
31716 72890 8522 72883
31716 72890 8687 72871
31716 72890 13774 72885
31716 72890 57447 243389
31716 72890 6886 72866
31716 72890 21883857 72875
31716 72890 48607 72886
31716 72890 53846 72850
31716 72890 53117 72878
31716 72890 19590 72887
31716 72890 8210131 72855
31716 72890 50548 72891
31716 72890 57848 18256220
31716 72890 100582 72856
31716 72890 23689 72895
31716 72890 43730536 72897
31716 72890 29631 72898
31716 72890 53848 72889
31716 72890 64646 72879
97089 72858 3138 72861
97089 72858 24437894 43376
97089 72858 5951 72868
97089 72858 53838 72880
97089 72858 8522 72883
97089 72858 8687 72871
97089 72858 13774 72885
97089 72858 57447 243389
97089 72858 6886 72866
97089 72858 21883857 72875
97089 72858 48607 72886
97089 72858 53846 72850
97089 72858 53117 72878
97089 72858 19590 72887
97089 72858 8210131 72855
97089 72858 50548 72891
97089 72858 57848 18256220
97089 72858 100582 72856
97089 72858 23689 72895
97089 72858 43730536 72897
97089 72858 29631 72898
97089 72858 53848 72889
97089 72858 64646 72879
97089 72858 31716 72890
: airlines
4689264 25254 26964606 3368467
4689264 25254 3343 4318956
4689264 25254 5042916 145623
4689264 25254 10577 144592
4689264 25254 5843419 14998012
4689264 25254 11867 97733
4689264 25254 12108 1460927
4689264 25254 14531 156410
4689264 25254 14532 22741252
4689264 25254 3607937 153162
4689264 25254 3966054 84578
4689264 25254 22316 1593974
4689264 25254 25391 89659
4689264 25254 27318 161591
4689264 25254 26667 457431
4689264 25254 30128 303449
4689264 25254 11125639 167925
4689264 25254 69328 142715
4689264 25254 31717 3970
4689264 25254 3434750 77549
4689264 25254 202354 375019
26964606 3368467 3343 4318956
26964606 3368467 5042916 145623
26964606 3368467 10577 144592
26964606 3368467 5843419 14998012
26964606 3368467 11867 97733
26964606 3368467 12108 1460927
26964606 3368467 14531 156410
26964606 3368467 14532 22741252
26964606 3368467 3607937 153162
26964606 3368467 3966054 84578
26964606 3368467 22316 1593974
26964606 3368467 25391 89659
26964606 3368467 27318 161591
26964606 3368467 26667 457431
26964606 3368467 30128 303449
26964606 3368467 11125639 167925
26964606 3368467 69328 142715
26964606 3368467 31717 3970
26964606 3368467 3434750 77549
26964606 3368467 202354 375019
26964606 3368467 4689264 25254
3343 4318956 5042916 145623
3343 4318956 10577 144592
3343 4318956 5843419 14998012
3343 4318956 11867 97733
3343 4318956 12108 1460927
3343 4318956 14531 156410
3343 4318956 14532 22741252
3343 4318956 3607937 153162
3343 4318956 3966054 84578
3343 4318956 22316 1593974
3343 4318956 25391 89659
3343 4318956 27318 161591
3343 4318956 26667 457431
3343 4318956 30128 303449
3343 4318956 11125639 167925
3343 4318956 69328 142715
3343 4318956 31717 3970
3343 4318956 3434750 77549
3343 4318956 202354 375019
3343 4318956 4689264 25254
3343 4318956 26964606 3368467
5042916 145623 10577 144592
5042916 145623 5843419 14998012
5042916 145623 11867 97733
5042916 145623 12108 1460927
5042916 145623 14531 156410
5042916 145623 14532 22741252
5042916 145623 3607937 153162
5042916 145623 3966054 84578
5042916 145623 22316 1593974
5042916 145623 25391 89659
5042916 145623 27318 161591
5042916 145623 26667 457431
5042916 145623 30128 303449
5042916 145623 11125639 167925
5042916 145623 69328 142715
5042916 145623 31717 3970
5042916 145623 3434750 77549
5042916 145623 202354 375019
5042916 145623 4689264 25254
5042916 145623 26964606 3368467
5042916 145623 3343 4318956
10577 144592 5843419 14998012
10577 144592 11867 97733
10577 144592 12108 1460927
10577 144592 14531 156410
10577 144592 14532 22741252
10577 144592 3607937 153162
10577 144592 3966054 84578
10577 144592 22316 1593974
10577 144592 25391 89659
10577 144592 27318 161591
10577 144592 26667 457431
10577 144592 30128 303449
10577 144592 11125639 167925
10577 144592 69328 142715
10577 144592 31717 3970
10577 144592 3434750 77549
10577 144592 202354 375019
10577 144592 4689264 25254
10577 144592 26964606 3368467
10577 144592 3343 4318956
10577 144592 5042916 145623
5843419 14998012 11867 97733
5843419 14998012 12108 1460927
5843419 14998012 14531 156410
5843419 14998012 14532 22741252
5843419 14998012 3607937 153162
5843419 14998012 3966054 84578
5843419 14998012 22316 1593974
5843419 14998012 25391 89659
5843419 14998012 27318 161591
5843419 14998012 26667 457431
5843419 14998012 30128 303449
5843419 14998012 11125639 167925
5843419 14998012 69328 142715
5843419 14998012 31717 3970
5843419 14998012 3434750 77549
5843419 14998012 202354 375019
5843419 14998012 4689264 25254
5843419 14998012 26964606 3368467
5843419 14998012 3343 4318956
5843419 14998012 5042916 145623
5843419 14998012 10577 144592
11867 97733 12108 1460927
11867 97733 14531 156410
11867 97733 14532 22741252
11867 97733 3607937 153162
11867 97733 3966054 84578
11867 97733 22316 1593974
11867 97733 25391 89659
11867 97733 27318 161591
11867 97733 26667 457431
11867 97733 30128 303449
11867 97733 11125639 167925
11867 97733 69328 142715
11867 97733 31717 3970
11867 97733 3434750 77549
11867 97733 202354 375019
11867 97733 4689264 25254
11867 97733 26964606 3368467
11867 97733 3343 4318956
11867 97733 5042916 145623
11867 97733 10577 144592
11867 97733 5843419 14998012
12108 1460927 14531 156410
12108 1460927 14532 22741252
12108 1460927 3607937 153162
12108 1460927 3966054 84578
12108 1460927 22316 1593974
12108 1460927 25391 89659
12108 1460927 27318 161591
12108 1460927 26667 457431
12108 1460927 30128 303449
12108 1460927 11125639 167925
12108 1460927 69328 142715
12108 1460927 31717 3970
12108 1460927 3434750 77549
12108 1460927 202354 375019
12108 1460927 4689264 25254
12108 1460927 26964606 3368467
12108 1460927 3343 4318956
12108 1460927 5042916 145623
12108 1460927 10577 144592
12108 1460927 5843419 14998012
12108 1460927 11867 97733
14531 156410 14532 22741252
14531 156410 3607937 153162
14531 156410 3966054 84578
14531 156410 22316 1593974
14531 156410 25391 89659
14531 156410 27318 161591
14531 156410 26667 457431
14531 156410 30128 303449
14531 156410 11125639 167925
14531 156410 69328 142715
14531 156410 31717 3970
14531 156410 3434750 77549
14531 156410 202354 375019
14531 156410 4689264 25254
14531 156410 26964606 3368467
14531 156410 3343 4318956
14531 156410 5042916 145623
14531 156410 10577 144592
14531 156410 5843419 14998012
14531 156410 11867 97733
14531 156410 12108 1460927
14532 22741252 3607937 153162
14532 22741252 3966054 84578
14532 22741252 22316 1593974
14532 22741252 25391 89659
14532 22741252 27318 161591
14532 22741252 26667 457431
14532 22741252 30128 303449
14532 22741252 11125639 167925
14532 22741252 69328 142715
14532 22741252 31717 3970
14532 22741252 3434750 77549
14532 22741252 202354 375019
14532 22741252 4689264 25254
14532 22741252 26964606 3368467
14532 22741252 3343 4318956
14532 22741252 5042916 145623
14532 22741252 10577 144592
14532 22741252 5843419 14998012
14532 22741252 11867 97733
14532 22741252 12108 1460927
14532 22741252 14531 156410
3607937 153162 3966054 84578
3607937 153162 22316 1593974
3607937 153162 25391 89659
3607937 153162 27318 161591
3607937 153162 26667 457431
3607937 153162 30128 303449
3607937 153162 11125639 167925
3607937 153162 69328 142715
3607937 153162 31717 3970
3607937 153162 3434750 77549
3607937 153162 202354 375019
3607937 153162 4689264 25254
3607937 153162 26964606 3368467
3607937 153162 3343 4318956
3607937 153162 5042916 145623
3607937 153162 10577 144592
3607937 153162 5843419 14998012
3607937 153162 11867 97733
3607937 153162 12108 1460927
3607937 153162 14531 156410
3607937 153162 14532 22741252
3966054 84578 22316 1593974
3966054 84578 25391 89659
3966054 84578 27318 161591
3966054 84578 26667 457431
3966054 84578 30128 303449
3966054 84578 11125639 167925
3966054 84578 69328 142715
3966054 84578 31717 3970
3966054 84578 3434750 77549
3966054 84578 202354 375019
3966054 84578 4689264 25254
3966054 84578 26964606 3368467
3966054 84578 3343 4318956
3966054 84578 5042916 145623
3966054 84578 10577 144592
3966054 84578 5843419 14998012
3966054 84578 11867 97733
3966054 84578 12108 1460927
3966054 84578 14531 156410
3966054 84578 14532 22741252
3966054 84578 3607937 153162
22316 1593974 25391 89659
22316 1593974 27318 161591
22316 1593974 26667 457431
22316 1593974 30128 303449
22316 1593974 11125639 167925
22316 1593974 69328 142715
22316 1593974 31717 3970
22316 1593974 3434750 77549
22316 1593974 202354 375019
22316 1593974 4689264 25254
22316 1593974 26964606 3368467
22316 1593974 3343 4318956
22316 1593974 5042916 145623
22316 1593974 10577 144592
22316 1593974 5843419 14998012
22316 1593974 11867 97733
22316 1593974 12108 1460927
22316 1593974 14531 156410
22316 1593974 14532 22741252
22316 1593974 3607937 153162
22316 1593974 3966054 84578
25391 89659 27318 161591
25391 89659 26667 457431
25391 89659 30128 303449
25391 89659 11125639 167925
25391 89659 69328 142715
25391 89659 31717 3970
25391 89659 3434750 77549
25391 89659 202354 375019
25391 89659 4689264 25254
25391 89659 26964606 3368467
25391 89659 3343 4318956
25391 89659 5042916 145623
25391 89659 10577 144592
25391 89659 5843419 14998012
25391 89659 11867 97733
25391 89659 12108 1460927
25391 89659 14531 156410
25391 89659 14532 22741252
25391 89659 3607937 153162
25391 89659 3966054 84578
25391 89659 22316 1593974
27318 161591 26667 457431
27318 161591 30128 303449
27318 161591 11125639 167925
27318 161591 69328 142715
27318 161591 31717 3970
27318 161591 3434750 77549
27318 161591 202354 375019
27318 161591 4689264 25254
27318 161591 26964606 3368467
27318 161591 3343 4318956
27318 161591 5042916 145623
27318 161591 10577 144592
27318 161591 5843419 14998012
27318 161591 11867 97733
27318 161591 12108 1460927
27318 161591 14531 156410
27318 161591 14532 22741252
27318 161591 3607937 153162
27318 161591 3966054 84578
27318 161591 22316 1593974
27318 161591 25391 89659
26667 457431 30128 303449
26667 457431 11125639 167925
26667 457431 69328 142715
26667 457431 31717 3970
26667 457431 3434750 77549
26667 457431 202354 375019
26667 457431 4689264 25254
26667 457431 26964606 3368467
26667 457431 3343 4318956
26667 457431 5042916 145623
26667 457431 10577 144592
26667 457431 5843419 14998012
26667 457431 11867 97733
26667 457431 12108 1460927
26667 457431 14531 156410
26667 457431 14532 22741252
26667 457431 3607937 153162
26667 457431 3966054 84578
26667 457431 22316 1593974
26667 457431 25391 89659
26667 457431 27318 161591
30128 303449 11125639 167925
30128 303449 69328 142715
30128 303449 31717 3970
30128 303449 3434750 77549
30128 303449 202354 375019
30128 303449 4689264 25254
30128 303449 26964606 3368467
30128 303449 3343 4318956
30128 303449 5042916 145623
30128 303449 10577 144592
30128 303449 5843419 14998012
30128 303449 11867 97733
30128 303449 12108 1460927
30128 303449 14531 156410
30128 303449 14532 22741252
30128 303449 3607937 153162
30128 303449 3966054 84578
30128 303449 22316 1593974
30128 303449 25391 89659
30128 303449 27318 161591
30128 303449 26667 457431
11125639 167925 69328 142715
11125639 167925 31717 3970
11125639 167925 3434750 77549
11125639 167925 202354 375019
11125639 167925 4689264 25254
11125639 167925 26964606 3368467
11125639 167925 3343 4318956
11125639 167925 5042916 145623
11125639 167925 10577 144592
11125639 167925 5843419 14998012
11125639 167925 11867 97733
11125639 167925 12108 1460927
11125639 167925 14531 156410
11125639 167925 14532 22741252
11125639 167925 3607937 153162
11125639 167925 3966054 84578
11125639 167925 22316 1593974
11125639 167925 25391 89659
11125639 167925 27318 161591
11125639 167925 26667 457431
11125639 167925 30128 303449
69328 142715 31717 3970
69328 142715 3434750 77549
69328 142715 202354 375019
69328 142715 4689264 25254
69328 142715 26964606 3368467
69328 142715 3343 4318956
69328 142715 5042916 145623
69328 142715 10577 144592
69328 142715 5843419 14998012
69328 142715 11867 97733
69328 142715 12108 1460927
69328 142715 14531 156410
69328 142715 14532 22741252
69328 142715 3607937 153162
69328 142715 3966054 84578
69328 142715 22316 1593974
69328 142715 25391 89659
69328 142715 27318 161591
69328 142715 26667 457431
69328 142715 30128 303449
69328 142715 11125639 167925
31717 3970 3434750 77549
31717 3970 202354 375019
31717 3970 4689264 25254
31717 3970 26964606 3368467
31717 3970 3343 4318956
31717 3970 5042916 145623
31717 3970 10577 144592
31717 3970 5843419 14998012
31717 3970 11867 97733
31717 3970 12108 1460927
31717 3970 14531 156410
31717 3970 14532 22741252
31717 3970 3607937 153162
31717 3970 3966054 84578
31717 3970 22316 1593974
31717 3970 25391 89659
31717 3970 27318 161591
31717 3970 26667 457431
31717 3970 30128 303449
31717 3970 11125639 167925
31717 3970 69328 142715
3434750 77549 202354 375019
3434750 77549 4689264 25254
3434750 77549 26964606 3368467
3434750 77549 3343 4318956
3434750 77549 5042916 145623
3434750 77549 10577 144592
3434750 77549 5843419 14998012
3434750 77549 11867 97733
3434750 77549 12108 1460927
3434750 77549 14531 156410
3434750 77549 14532 22741252
3434750 77549 3607937 153162
3434750 77549 3966054 84578
3434750 77549 22316 1593974
3434750 77549 25391 89659
3434750 77549 27318 161591
3434750 77549 26667 457431
3434750 77549 30128 303449
3434750 77549 11125639 167925
3434750 77549 69328 142715
3434750 77549 31717 3970
202354 375019 4689264 25254
202354 375019 26964606 3368467
202354 375019 3343 4318956
202354 375019 5042916 145623
202354 375019 10577 144592
202354 375019 5843419 14998012
202354 375019 11867 97733
202354 375019 12108 1460927
202354 375019 14531 156410
202354 375019 14532 22741252
202354 375019 3607937 153162
202354 375019 3966054 84578
202354 375019 22316 1593974
202354 375019 25391 89659
202354 375019 27318 161591
202354 375019 26667 457431
202354 375019 30128 303449
202354 375019 11125639 167925
202354 375019 69328 142715
202354 375019 31717 3970
202354 375019 3434750 77549
: people-companies
29656 19001 224584 1092923
29656 19001 60903 1092923
29656 19001 60904 1092923
29656 19001 46878774 18978754
29656 19001 7412236 18978754
29656 19001 2844938 7529378
29656 19001 708807 40379651
29656 19001 142528 29621629
29656 19001 10956313 29621629
29656 19001 172395 22589
3747 19001 224584 1092923
3747 19001 60903 1092923
3747 19001 60904 1092923
3747 19001 46878774 18978754
3747 19001 7412236 18978754
3747 19001 2844938 7529378
3747 19001 708807 40379651
3747 19001 142528 29621629
3747 19001 10956313 29621629
3747 19001 172395 22589
23347 19001 224584 1092923
23347 19001 60903 1092923
23347 19001 60904 1092923
23347 19001 46878774 18978754
23347 19001 7412236 18978754
23347 19001 2844938 7529378
23347 19001 708807 40379651
23347 19001 142528 29621629
23347 19001 10956313 29621629
23347 19001 172395 22589
224584 1092923 46878774 18978754
224584 1092923 7412236 18978754
224584 1092923 2844938 7529378
224584 1092923 708807 40379651
224584 1092923 142528 29621629
224584 1092923 10956313 29621629
224584 1092923 172395 22589
224584 1092923 29656 19001
224584 1092923 3747 19001
224584 1092923 23347 19001
60903 1092923 46878774 18978754
60903 1092923 7412236 18978754
60903 1092923 2844938 7529378
60903 1092923 708807 40379651
60903 1092923 142528 29621629
60903 1092923 10956313 29621629
60903 1092923 172395 22589
60903 1092923 29656 19001
60903 1092923 3747 19001
60903 1092923 23347 19001
60904 1092923 46878774 18978754
60904 1092923 7412236 18978754
60904 1092923 2844938 7529378
60904 1092923 708807 40379651
60904 1092923 142528 29621629
60904 1092923 10956313 29621629
60904 1092923 172395 22589
60904 1092923 29656 19001
60904 1092923 3747 19001
60904 1092923 23347 19001
46878774 18978754 2844938 7529378
46878774 18978754 708807 40379651
46878774 18978754 142528 29621629
46878774 18978754 10956313 29621629
46878774 18978754 172395 22589
46878774 18978754 29656 19001
46878774 18978754 3747 19001
46878774 18978754 23347 19001
46878774 18978754 224584 1092923
46878774 18978754 60903 1092923
46878774 18978754 60904 1092923
7412236 18978754 2844938 7529378
7412236 18978754 708807 40379651
7412236 18978754 142528 29621629
7412236 18978754 10956313 29621629
7412236 18978754 172395 22589
7412236 18978754 29656 19001
7412236 18978754 3747 19001
7412236 18978754 23347 19001
7412236 18978754 224584 1092923
7412236 18978754 60903 1092923
7412236 18978754 60904 1092923
2844938 7529378 708807 40379651
2844938 7529378 142528 29621629
2844938 7529378 10956313 29621629
2844938 7529378 172395 22589
2844938 7529378 29656 19001
2844938 7529378 3747 19001
2844938 7529378 23347 19001
2844938 7529378 224584 1092923
2844938 7529378 60903 1092923
2844938 7529378 60904 1092923
2844938 7529378 46878774 18978754
2844938 7529378 7412236 18978754
708807 40379651 142528 29621629
708807 40379651 10956313 29621629
708807 40379651 172395 22589
708807 40379651 29656 19001
708807 40379651 3747 19001
708807 40379651 23347 19001
708807 40379651 224584 1092923
708807 40379651 60903 1092923
708807 40379651 60904 1092923
708807 40379651 46878774 18978754
708807 40379651 7412236 18978754
708807 40379651 2844938 7529378
142528 29621629 172395 22589
142528 29621629 29656 19001
142528 29621629 3747 19001
142528 29621629 23347 19001
142528 29621629 224584 1092923
142528 29621629 60903 1092923
142528 29621629 60904 1092923
142528 29621629 46878774 18978754
142528 29621629 7412236 18978754
142528 29621629 2844938 7529378
142528 29621629 708807 40379651
10956313 29621629 172395 22589
10956313 29621629 29656 19001
10956313 29621629 3747 19001
10956313 29621629 23347 19001
10956313 29621629 224584 1092923
10956313 29621629 60903 1092923
10956313 29621629 60904 1092923
10956313 29621629 46878774 18978754
10956313 29621629 7412236 18978754
10956313 29621629 2844938 7529378
10956313 29621629 708807 40379651
172395 22589 29656 19001
172395 22589 3747 19001
172395 22589 23347 19001
172395 22589 224584 1092923
172395 22589 60903 1092923
172395 22589 60904 1092923
172395 22589 46878774 18978754
172395 22589 7412236 18978754
172395 22589 2844938 7529378
172395 22589 708807 40379651
172395 22589 142528 29621629
172395 22589 10956313 29621629
