: newspapers
51278 2929310 8253 947341
51278 2929310 11507 4722335
51278 2929310 13774 251916
51278 2929310 135256 3795569
51278 2929310 18110 273319
51278 2929310 53117 1272811
51278 2929310 49728 319442
51278 2929310 57700 20500604
6886 60961 8253 947341
6886 60961 11507 4722335
6886 60961 13774 251916
6886 60961 135256 3795569
6886 60961 18110 273319
6886 60961 53117 1272811
6886 60961 49728 319442
6886 60961 57700 20500604
6886 60961 51278 2929310
8253 947341 11507 4722335
8253 947341 13774 251916
8253 947341 135256 3795569
8253 947341 18110 273319
8253 947341 53117 1272811
8253 947341 49728 319442
8253 947341 57700 20500604
8253 947341 51278 2929310
8253 947341 6886 60961
11507 4722335 13774 251916
11507 4722335 135256 3795569
11507 4722335 18110 273319
11507 4722335 53117 1272811
11507 4722335 49728 319442
11507 4722335 57700 20500604
11507 4722335 51278 2929310
11507 4722335 6886 60961
11507 4722335 8253 947341
13774 251916 135256 3795569
13774 251916 18110 273319
13774 251916 53117 1272811
13774 251916 49728 319442
13774 251916 57700 20500604
13774 251916 51278 2929310
13774 251916 6886 60961
13774 251916 8253 947341
13774 251916 11507 4722335
135256 3795569 18110 273319
135256 3795569 53117 1272811
135256 3795569 49728 319442
135256 3795569 57700 20500604
135256 3795569 51278 2929310
135256 3795569 6886 60961
135256 3795569 8253 947341
135256 3795569 11507 4722335
135256 3795569 13774 251916
18110 273319 53117 1272811
18110 273319 49728 319442
18110 273319 57700 20500604
18110 273319 51278 2929310
18110 273319 6886 60961
18110 273319 8253 947341
18110 273319 11507 4722335
18110 273319 13774 251916
18110 273319 135256 3795569
53117 1272811 49728 319442
53117 1272811 57700 20500604
53117 1272811 51278 2929310
53117 1272811 6886 60961
53117 1272811 8253 947341
53117 1272811 11507 4722335
53117 1272811 13774 251916
53117 1272811 135256 3795569
53117 1272811 18110 273319
49728 319442 57700 20500604
49728 319442 51278 2929310
49728 319442 6886 60961
49728 319442 8253 947341
49728 319442 11507 4722335
49728 319442 13774 251916
49728 319442 135256 3795569
49728 319442 18110 273319
49728 319442 53117 1272811
57700 20500604 51278 2929310
57700 20500604 6886 60961
57700 20500604 8253 947341
57700 20500604 11507 4722335
57700 20500604 13774 251916
57700 20500604 135256 3795569
57700 20500604 18110 273319
57700 20500604 53117 1272811
57700 20500604 49728 319442
: ice_hockey
3138 70501 24437894 69523
3138 70501 15895358 23615827
3138 70501 5399 70948
3138 70501 53838 73135
3138 70501 8687 8795
3138 70501 95405 73129
3138 70501 18933066 70551
3138 70501 6886 73126
3138 70501 18110 73136
3138 70501 19590 73132
3138 70501 7954681 42966
3138 70501 22018 73140
3138 70501 21648 66743
3138 70501 22219 22705
3138 70501 50585 66941
3138 70501 25101 66964
3138 70501 635949 73124
3138 70501 64646 70155
3138 70501 32706 73133
3138 70501 100730 31876081
24437894 69523 15895358 23615827
24437894 69523 5399 70948
24437894 69523 53838 73135
24437894 69523 8687 8795
24437894 69523 95405 73129
24437894 69523 18933066 70551
24437894 69523 6886 73126
24437894 69523 18110 73136
24437894 69523 19590 73132
24437894 69523 7954681 42966
24437894 69523 22018 73140
24437894 69523 21648 66743
24437894 69523 22219 22705
24437894 69523 50585 66941
24437894 69523 25101 66964
24437894 69523 635949 73124
24437894 69523 64646 70155
24437894 69523 32706 73133
24437894 69523 100730 31876081
24437894 69523 3138 70501
15895358 23615827 5399 70948
15895358 23615827 53838 73135
15895358 23615827 8687 8795
15895358 23615827 95405 73129
15895358 23615827 18933066 70551
15895358 23615827 6886 73126
15895358 23615827 18110 73136
15895358 23615827 19590 73132
15895358 23615827 7954681 42966
15895358 23615827 22018 73140
15895358 23615827 21648 66743
15895358 23615827 22219 22705
15895358 23615827 50585 66941
15895358 23615827 25101 66964
15895358 23615827 635949 73124
15895358 23615827 64646 70155
15895358 23615827 32706 73133
15895358 23615827 100730 31876081
15895358 23615827 3138 70501
15895358 23615827 24437894 69523
5399 70948 53838 73135
5399 70948 8687 8795
5399 70948 95405 73129
5399 70948 18933066 70551
5399 70948 6886 73126
5399 70948 18110 73136
5399 70948 19590 73132
5399 70948 7954681 42966
5399 70948 22018 73140
5399 70948 21648 66743
5399 70948 22219 22705
5399 70948 50585 66941
5399 70948 25101 66964
5399 70948 635949 73124
5399 70948 64646 70155
5399 70948 32706 73133
5399 70948 100730 31876081
5399 70948 3138 70501
5399 70948 24437894 69523
5399 70948 15895358 23615827
53838 73135 8687 8795
53838 73135 95405 73129
53838 73135 18933066 70551
53838 73135 6886 73126
53838 73135 18110 73136
53838 73135 19590 73132
53838 73135 7954681 42966
53838 73135 22018 73140
53838 73135 21648 66743
53838 73135 22219 22705
53838 73135 50585 66941
53838 73135 25101 66964
53838 73135 635949 73124
53838 73135 64646 70155
53838 73135 32706 73133
53838 73135 100730 31876081
53838 73135 3138 70501
53838 73135 24437894 69523
53838 73135 15895358 23615827
53838 73135 5399 70948
8687 8795 95405 73129
8687 8795 18933066 70551
8687 8795 6886 73126
8687 8795 18110 73136
8687 8795 19590 73132
8687 8795 7954681 42966
8687 8795 22018 73140
8687 8795 21648 66743
8687 8795 22219 22705
8687 8795 50585 66941
8687 8795 25101 66964
8687 8795 635949 73124
8687 8795 64646 70155
8687 8795 32706 73133
8687 8795 100730 31876081
8687 8795 3138 70501
8687 8795 24437894 69523
8687 8795 15895358 23615827
8687 8795 5399 70948
8687 8795 53838 73135
95405 73129 18933066 70551
95405 73129 6886 73126
95405 73129 18110 73136
95405 73129 19590 73132
95405 73129 7954681 42966
95405 73129 22018 73140
95405 73129 21648 66743
95405 73129 22219 22705
95405 73129 50585 66941
95405 73129 25101 66964
95405 73129 635949 73124
95405 73129 64646 70155
95405 73129 32706 73133
95405 73129 100730 31876081
95405 73129 3138 70501
95405 73129 24437894 69523
95405 73129 15895358 23615827
95405 73129 5399 70948
95405 73129 53838 73135
95405 73129 8687 8795
18933066 70551 6886 73126
18933066 70551 18110 73136
18933066 70551 19590 73132
18933066 70551 7954681 42966
18933066 70551 22018 73140
18933066 70551 21648 66743
18933066 70551 22219 22705
18933066 70551 50585 66941
18933066 70551 25101 66964
18933066 70551 635949 73124
18933066 70551 64646 70155
18933066 70551 32706 73133
18933066 70551 100730 31876081
18933066 70551 3138 70501
18933066 70551 24437894 69523
18933066 70551 15895358 23615827
18933066 70551 5399 70948
18933066 70551 53838 73135
18933066 70551 8687 8795
18933066 70551 95405 73129
6886 73126 18110 73136
6886 73126 19590 73132
6886 73126 7954681 42966
6886 73126 22018 73140
6886 73126 21648 66743
6886 73126 22219 22705
6886 73126 50585 66941
6886 73126 25101 66964
6886 73126 635949 73124
6886 73126 64646 70155
6886 73126 32706 73133
6886 73126 100730 31876081
6886 73126 3138 70501
6886 73126 24437894 69523
6886 73126 15895358 23615827
6886 73126 5399 70948
6886 73126 53838 73135
6886 73126 8687 8795
6886 73126 95405 73129
6886 73126 18933066 70551
18110 73136 19590 73132
18110 73136 7954681 42966
18110 73136 22018 73140
18110 73136 21648 66743
18110 73136 22219 22705
18110 73136 50585 66941
18110 73136 25101 66964
18110 73136 635949 73124
18110 73136 64646 70155
18110 73136 32706 73133
18110 73136 100730 31876081
18110 73136 3138 70501
18110 73136 24437894 69523
18110 73136 15895358 23615827
18110 73136 5399 70948
18110 73136 53838 73135
18110 73136 8687 8795
18110 73136 95405 73129
18110 73136 18933066 70551
18110 73136 6886 73126
19590 73132 7954681 42966
19590 73132 22018 73140
19590 73132 21648 66743
19590 73132 22219 22705
19590 73132 50585 66941
19590 73132 25101 66964
19590 73132 635949 73124
19590 73132 64646 70155
19590 73132 32706 73133
19590 73132 100730 31876081
19590 73132 3138 70501
19590 73132 24437894 69523
19590 73132 15895358 23615827
19590 73132 5399 70948
19590 73132 53838 73135
19590 73132 8687 8795
19590 73132 95405 73129
19590 73132 18933066 70551
19590 73132 6886 73126
19590 73132 18110 73136
7954681 42966 22018 73140
7954681 42966 21648 66743
7954681 42966 22219 22705
7954681 42966 50585 66941
7954681 42966 25101 66964
7954681 42966 635949 73124
7954681 42966 64646 70155
7954681 42966 32706 73133
7954681 42966 100730 31876081
7954681 42966 3138 70501
7954681 42966 24437894 69523
7954681 42966 15895358 23615827
7954681 42966 5399 70948
7954681 42966 53838 73135
7954681 42966 8687 8795
7954681 42966 95405 73129
7954681 42966 18933066 70551
7954681 42966 6886 73126
7954681 42966 18110 73136
7954681 42966 19590 73132
22018 73140 21648 66743
22018 73140 22219 22705
22018 73140 50585 66941
22018 73140 25101 66964
22018 73140 635949 73124
22018 73140 64646 70155
22018 73140 32706 73133
22018 73140 100730 31876081
22018 73140 3138 70501
22018 73140 24437894 69523
22018 73140 15895358 23615827
22018 73140 5399 70948
22018 73140 53838 73135
22018 73140 8687 8795
22018 73140 95405 73129
22018 73140 18933066 70551
22018 73140 6886 73126
22018 73140 18110 73136
22018 73140 19590 73132
22018 73140 7954681 42966
21648 66743 22219 22705
21648 66743 50585 66941
21648 66743 25101 66964
21648 66743 635949 73124
21648 66743 64646 70155
21648 66743 32706 73133
21648 66743 100730 31876081
21648 66743 3138 70501
21648 66743 24437894 69523
21648 66743 15895358 23615827
21648 66743 5399 70948
21648 66743 53838 73135
21648 66743 8687 8795
21648 66743 95405 73129
21648 66743 18933066 70551
21648 66743 6886 73126
21648 66743 18110 73136
21648 66743 19590 73132
21648 66743 7954681 42966
21648 66743 22018 73140
22219 22705 50585 66941
22219 22705 25101 66964
22219 22705 635949 73124
22219 22705 64646 70155
22219 22705 32706 73133
22219 22705 100730 31876081
22219 22705 3138 70501
22219 22705 24437894 69523
22219 22705 15895358 23615827
22219 22705 5399 70948
22219 22705 53838 73135
22219 22705 8687 8795
22219 22705 95405 73129
22219 22705 18933066 70551
22219 22705 6886 73126
22219 22705 18110 73136
22219 22705 19590 73132
22219 22705 7954681 42966
22219 22705 22018 73140
22219 22705 21648 66743
50585 66941 25101 66964
50585 66941 635949 73124
50585 66941 64646 70155
50585 66941 32706 73133
50585 66941 100730 31876081
50585 66941 3138 70501
50585 66941 24437894 69523
50585 66941 15895358 23615827
50585 66941 5399 70948
50585 66941 53838 73135
50585 66941 8687 8795
50585 66941 95405 73129
50585 66941 18933066 70551
50585 66941 6886 73126
50585 66941 18110 73136
50585 66941 19590 73132
50585 66941 7954681 42966
50585 66941 22018 73140
50585 66941 21648 66743
50585 66941 22219 22705
25101 66964 635949 73124
25101 66964 64646 70155
25101 66964 32706 73133
25101 66964 100730 31876081
25101 66964 3138 70501
25101 66964 24437894 69523
25101 66964 15895358 23615827
25101 66964 5399 70948
25101 66964 53838 73135
25101 66964 8687 8795
25101 66964 95405 73129
25101 66964 18933066 70551
25101 66964 6886 73126
25101 66964 18110 73136
25101 66964 19590 73132
25101 66964 7954681 42966
25101 66964 22018 73140
25101 66964 21648 66743
25101 66964 22219 22705
25101 66964 50585 66941
635949 73124 64646 70155
635949 73124 32706 73133
635949 73124 100730 31876081
635949 73124 3138 70501
635949 73124 24437894 69523
635949 73124 15895358 23615827
635949 73124 5399 70948
635949 73124 53838 73135
635949 73124 8687 8795
635949 73124 95405 73129
635949 73124 18933066 70551
635949 73124 6886 73126
635949 73124 18110 73136
635949 73124 19590 73132
635949 73124 7954681 42966
635949 73124 22018 73140
635949 73124 21648 66743
635949 73124 22219 22705
635949 73124 50585 66941
635949 73124 25101 66964
64646 70155 32706 73133
64646 70155 100730 31876081
64646 70155 3138 70501
64646 70155 24437894 69523
64646 70155 15895358 23615827
64646 70155 5399 70948
64646 70155 53838 73135
64646 70155 8687 8795
64646 70155 95405 73129
64646 70155 18933066 70551
64646 70155 6886 73126
64646 70155 18110 73136
64646 70155 19590 73132
64646 70155 7954681 42966
64646 70155 22018 73140
64646 70155 21648 66743
64646 70155 22219 22705
64646 70155 50585 66941
64646 70155 25101 66964
64646 70155 635949 73124
32706 73133 100730 31876081
32706 73133 3138 70501
32706 73133 24437894 69523
32706 73133 15895358 23615827
32706 73133 5399 70948
32706 73133 53838 73135
32706 73133 8687 8795
32706 73133 95405 73129
32706 73133 18933066 70551
32706 73133 6886 73126
32706 73133 18110 73136
32706 73133 19590 73132
32706 73133 7954681 42966
32706 73133 22018 73140
32706 73133 21648 66743
32706 73133 22219 22705
32706 73133 50585 66941
32706 73133 25101 66964
32706 73133 635949 73124
32706 73133 64646 70155
100730 31876081 3138 70501
100730 31876081 24437894 69523
100730 31876081 15895358 23615827
100730 31876081 5399 70948
100730 31876081 53838 73135
100730 31876081 8687 8795
100730 31876081 95405 73129
100730 31876081 18933066 70551
100730 31876081 6886 73126
100730 31876081 18110 73136
100730 31876081 19590 73132
100730 31876081 7954681 42966
100730 31876081 22018 73140
100730 31876081 21648 66743
100730 31876081 22219 22705
100730 31876081 50585 66941
100730 31876081 25101 66964
100730 31876081 635949 73124
100730 31876081 64646 70155
100730 31876081 32706 73133
: basketball
3138 72861 24437894 43376
3138 72861 5951 72868
3138 72861 53838 72880
3138 72861 8522 72883
3138 72861 8687 72871
3138 72861 13774 72885
3138 72861 6886 72866
3138 72861 21883857 72875
3138 72861 48607 72886
3138 72861 53117 72878
3138 72861 19590 72887
3138 72861 8210131 72855
3138 72861 50548 72891
3138 72861 57848 18256220
3138 72861 100582 72856
3138 72861 29631 72898
3138 72861 53848 72889
3138 72861 64646 72879
24437894 43376 5951 72868
24437894 43376 53838 72880
24437894 43376 8522 72883
24437894 43376 8687 72871
24437894 43376 13774 72885
24437894 43376 6886 72866
24437894 43376 21883857 72875
24437894 43376 48607 72886
24437894 43376 53117 72878
24437894 43376 19590 72887
24437894 43376 8210131 72855
24437894 43376 50548 72891
24437894 43376 57848 18256220
24437894 43376 100582 72856
24437894 43376 29631 72898
24437894 43376 53848 72889
24437894 43376 64646 72879
24437894 43376 3138 72861
5951 72868 53838 72880
5951 72868 8522 72883
5951 72868 8687 72871
5951 72868 13774 72885
5951 72868 6886 72866
5951 72868 21883857 72875
5951 72868 48607 72886
5951 72868 53117 72878
5951 72868 19590 72887
5951 72868 8210131 72855
5951 72868 50548 72891
5951 72868 57848 18256220
5951 72868 100582 72856
5951 72868 29631 72898
5951 72868 53848 72889
5951 72868 64646 72879
5951 72868 3138 72861
5951 72868 24437894 43376
53838 72880 8522 72883
53838 72880 8687 72871
53838 72880 13774 72885
53838 72880 6886 72866
53838 72880 21883857 72875
53838 72880 48607 72886
53838 72880 53117 72878
53838 72880 19590 72887
53838 72880 8210131 72855
53838 72880 50548 72891
53838 72880 57848 18256220
53838 72880 100582 72856
53838 72880 29631 72898
53838 72880 53848 72889
53838 72880 64646 72879
53838 72880 3138 72861
53838 72880 24437894 43376
53838 72880 5951 72868
8522 72883 8687 72871
8522 72883 13774 72885
8522 72883 6886 72866
8522 72883 21883857 72875
8522 72883 48607 72886
8522 72883 53117 72878
8522 72883 19590 72887
8522 72883 8210131 72855
8522 72883 50548 72891
8522 72883 57848 18256220
8522 72883 100582 72856
8522 72883 29631 72898
8522 72883 53848 72889
8522 72883 64646 72879
8522 72883 3138 72861
8522 72883 24437894 43376
8522 72883 5951 72868
8522 72883 53838 72880
8687 72871 13774 72885
8687 72871 6886 72866
8687 72871 21883857 72875
8687 72871 48607 72886
8687 72871 53117 72878
8687 72871 19590 72887
8687 72871 8210131 72855
8687 72871 50548 72891
8687 72871 57848 18256220
8687 72871 100582 72856
8687 72871 29631 72898
8687 72871 53848 72889
8687 72871 64646 72879
8687 72871 3138 72861
8687 72871 24437894 43376
8687 72871 5951 72868
8687 72871 53838 72880
8687 72871 8522 72883
13774 72885 6886 72866
13774 72885 21883857 72875
13774 72885 48607 72886
13774 72885 53117 72878
13774 72885 19590 72887
13774 72885 8210131 72855
13774 72885 50548 72891
13774 72885 57848 18256220
13774 72885 100582 72856
13774 72885 29631 72898
13774 72885 53848 72889
13774 72885 64646 72879
13774 72885 3138 72861
13774 72885 24437894 43376
13774 72885 5951 72868
13774 72885 53838 72880
13774 72885 8522 72883
13774 72885 8687 72871
6886 72866 21883857 72875
6886 72866 48607 72886
6886 72866 53117 72878
6886 72866 19590 72887
6886 72866 8210131 72855
6886 72866 50548 72891
6886 72866 57848 18256220
6886 72866 100582 72856
6886 72866 29631 72898
6886 72866 53848 72889
6886 72866 64646 72879
6886 72866 3138 72861
6886 72866 24437894 43376
6886 72866 5951 72868
6886 72866 53838 72880
6886 72866 8522 72883
6886 72866 8687 72871
6886 72866 13774 72885
21883857 72875 48607 72886
21883857 72875 53117 72878
21883857 72875 19590 72887
21883857 72875 8210131 72855
21883857 72875 50548 72891
21883857 72875 57848 18256220
21883857 72875 100582 72856
21883857 72875 29631 72898
21883857 72875 53848 72889
21883857 72875 64646 72879
21883857 72875 3138 72861
21883857 72875 24437894 43376
21883857 72875 5951 72868
21883857 72875 53838 72880
21883857 72875 8522 72883
21883857 72875 8687 72871
21883857 72875 13774 72885
21883857 72875 6886 72866
48607 72886 53117 72878
48607 72886 19590 72887
48607 72886 8210131 72855
48607 72886 50548 72891
48607 72886 57848 18256220
48607 72886 100582 72856
48607 72886 29631 72898
48607 72886 53848 72889
48607 72886 64646 72879
48607 72886 3138 72861
48607 72886 24437894 43376
48607 72886 5951 72868
48607 72886 53838 72880
48607 72886 8522 72883
48607 72886 8687 72871
48607 72886 13774 72885
48607 72886 6886 72866
48607 72886 21883857 72875
53117 72878 19590 72887
53117 72878 8210131 72855
53117 72878 50548 72891
53117 72878 57848 18256220
53117 72878 100582 72856
53117 72878 29631 72898
53117 72878 53848 72889
53117 72878 64646 72879
53117 72878 3138 72861
53117 72878 24437894 43376
53117 72878 5951 72868
53117 72878 53838 72880
53117 72878 8522 72883
53117 72878 8687 72871
53117 72878 13774 72885
53117 72878 6886 72866
53117 72878 21883857 72875
53117 72878 48607 72886
19590 72887 8210131 72855
19590 72887 50548 72891
19590 72887 57848 18256220
19590 72887 100582 72856
19590 72887 29631 72898
19590 72887 53848 72889
19590 72887 64646 72879
19590 72887 3138 72861
19590 72887 24437894 43376
19590 72887 5951 72868
19590 72887 53838 72880
19590 72887 8522 72883
19590 72887 8687 72871
19590 72887 13774 72885
19590 72887 6886 72866
19590 72887 21883857 72875
19590 72887 48607 72886
19590 72887 53117 72878
8210131 72855 50548 72891
8210131 72855 57848 18256220
8210131 72855 100582 72856
8210131 72855 29631 72898
8210131 72855 53848 72889
8210131 72855 64646 72879
8210131 72855 3138 72861
8210131 72855 24437894 43376
8210131 72855 5951 72868
8210131 72855 53838 72880
8210131 72855 8522 72883
8210131 72855 8687 72871
8210131 72855 13774 72885
8210131 72855 6886 72866
8210131 72855 21883857 72875
8210131 72855 48607 72886
8210131 72855 53117 72878
8210131 72855 19590 72887
50548 72891 57848 18256220
50548 72891 100582 72856
50548 72891 29631 72898
50548 72891 53848 72889
50548 72891 64646 72879
50548 72891 3138 72861
50548 72891 24437894 43376
50548 72891 5951 72868
50548 72891 53838 72880
50548 72891 8522 72883
50548 72891 8687 72871
50548 72891 13774 72885
50548 72891 6886 72866
50548 72891 21883857 72875
50548 72891 48607 72886
50548 72891 53117 72878
50548 72891 19590 72887
50548 72891 8210131 72855
57848 18256220 100582 72856
57848 18256220 29631 72898
57848 18256220 53848 72889
57848 18256220 64646 72879
57848 18256220 3138 72861
57848 18256220 24437894 43376
57848 18256220 5951 72868
57848 18256220 53838 72880
57848 18256220 8522 72883
57848 18256220 8687 72871
57848 18256220 13774 72885
57848 18256220 6886 72866
57848 18256220 21883857 72875
57848 18256220 48607 72886
57848 18256220 53117 72878
57848 18256220 19590 72887
57848 18256220 8210131 72855
57848 18256220 50548 72891
100582 72856 29631 72898
100582 72856 53848 72889
100582 72856 64646 72879
100582 72856 3138 72861
100582 72856 24437894 43376
100582 72856 5951 72868
100582 72856 53838 72880
100582 72856 8522 72883
100582 72856 8687 72871
100582 72856 13774 72885
100582 72856 6886 72866
100582 72856 21883857 72875
100582 72856 48607 72886
100582 72856 53117 72878
100582 72856 19590 72887
100582 72856 8210131 72855
100582 72856 50548 72891
100582 72856 57848 18256220
29631 72898 53848 72889
29631 72898 64646 72879
29631 72898 3138 72861
29631 72898 24437894 43376
29631 72898 5951 72868
29631 72898 53838 72880
29631 72898 8522 72883
29631 72898 8687 72871
29631 72898 13774 72885
29631 72898 6886 72866
29631 72898 21883857 72875
29631 72898 48607 72886
29631 72898 53117 72878
29631 72898 19590 72887
29631 72898 8210131 72855
29631 72898 50548 72891
29631 72898 57848 18256220
29631 72898 100582 72856
53848 72889 64646 72879
53848 72889 3138 72861
53848 72889 24437894 43376
53848 72889 5951 72868
53848 72889 53838 72880
53848 72889 8522 72883
53848 72889 8687 72871
53848 72889 13774 72885
53848 72889 6886 72866
53848 72889 21883857 72875
53848 72889 48607 72886
53848 72889 53117 72878
53848 72889 19590 72887
53848 72889 8210131 72855
53848 72889 50548 72891
53848 72889 57848 18256220
53848 72889 100582 72856
53848 72889 29631 72898
64646 72879 3138 72861
64646 72879 24437894 43376
64646 72879 5951 72868
64646 72879 53838 72880
64646 72879 8522 72883
64646 72879 8687 72871
64646 72879 13774 72885
64646 72879 6886 72866
64646 72879 21883857 72875
64646 72879 48607 72886
64646 72879 53117 72878
64646 72879 19590 72887
64646 72879 8210131 72855
64646 72879 50548 72891
64646 72879 57848 18256220
64646 72879 100582 72856
64646 72879 29631 72898
64646 72879 53848 72889
: airlines
26964606 3368467 3343 4318956
26964606 3368467 5042916 145623
26964606 3368467 10577 144592
26964606 3368467 5843419 14998012
26964606 3368467 11867 97733
26964606 3368467 12108 1460927
26964606 3368467 14531 156410
26964606 3368467 3607937 153162
26964606 3368467 3966054 84578
26964606 3368467 22316 1593974
26964606 3368467 25391 89659
26964606 3368467 27318 161591
26964606 3368467 26667 457431
26964606 3368467 30128 303449
26964606 3368467 11125639 167925
26964606 3368467 31717 3970
26964606 3368467 202354 375019
3343 4318956 5042916 145623
3343 4318956 10577 144592
3343 4318956 5843419 14998012
3343 4318956 11867 97733
3343 4318956 12108 1460927
3343 4318956 14531 156410
3343 4318956 3607937 153162
3343 4318956 3966054 84578
3343 4318956 22316 1593974
3343 4318956 25391 89659
3343 4318956 27318 161591
3343 4318956 26667 457431
3343 4318956 30128 303449
3343 4318956 11125639 167925
3343 4318956 31717 3970
3343 4318956 202354 375019
3343 4318956 26964606 3368467
5042916 145623 10577 144592
5042916 145623 5843419 14998012
5042916 145623 11867 97733
5042916 145623 12108 1460927
5042916 145623 14531 156410
5042916 145623 3607937 153162
5042916 145623 3966054 84578
5042916 145623 22316 1593974
5042916 145623 25391 89659
5042916 145623 27318 161591
5042916 145623 26667 457431
5042916 145623 30128 303449
5042916 145623 11125639 167925
5042916 145623 31717 3970
5042916 145623 202354 375019
5042916 145623 26964606 3368467
5042916 145623 3343 4318956
10577 144592 5843419 14998012
10577 144592 11867 97733
10577 144592 12108 1460927
10577 144592 14531 156410
10577 144592 3607937 153162
10577 144592 3966054 84578
10577 144592 22316 1593974
10577 144592 25391 89659
10577 144592 27318 161591
10577 144592 26667 457431
10577 144592 30128 303449
10577 144592 11125639 167925
10577 144592 31717 3970
10577 144592 202354 375019
10577 144592 26964606 3368467
10577 144592 3343 4318956
10577 144592 5042916 145623
5843419 14998012 11867 97733
5843419 14998012 12108 1460927
5843419 14998012 14531 156410
5843419 14998012 3607937 153162
5843419 14998012 3966054 84578
5843419 14998012 22316 1593974
5843419 14998012 25391 89659
5843419 14998012 27318 161591
5843419 14998012 26667 457431
5843419 14998012 30128 303449
5843419 14998012 11125639 167925
5843419 14998012 31717 3970
5843419 14998012 202354 375019
5843419 14998012 26964606 3368467
5843419 14998012 3343 4318956
5843419 14998012 5042916 145623
5843419 14998012 10577 144592
11867 97733 12108 1460927
11867 97733 14531 156410
11867 97733 3607937 153162
11867 97733 3966054 84578
11867 97733 22316 1593974
11867 97733 25391 89659
11867 97733 27318 161591
11867 97733 26667 457431
11867 97733 30128 303449
11867 97733 11125639 167925
11867 97733 31717 3970
11867 97733 202354 375019
11867 97733 26964606 3368467
11867 97733 3343 4318956
11867 97733 5042916 145623
11867 97733 10577 144592
11867 97733 5843419 14998012
12108 1460927 14531 156410
12108 1460927 3607937 153162
12108 1460927 3966054 84578
12108 1460927 22316 1593974
12108 1460927 25391 89659
12108 1460927 27318 161591
12108 1460927 26667 457431
12108 1460927 30128 303449
12108 1460927 11125639 167925
12108 1460927 31717 3970
12108 1460927 202354 375019
12108 1460927 26964606 3368467
12108 1460927 3343 4318956
12108 1460927 5042916 145623
12108 1460927 10577 144592
12108 1460927 5843419 14998012
12108 1460927 11867 97733
14531 156410 3607937 153162
14531 156410 3966054 84578
14531 156410 22316 1593974
14531 156410 25391 89659
14531 156410 27318 161591
14531 156410 26667 457431
14531 156410 30128 303449
14531 156410 11125639 167925
14531 156410 31717 3970
14531 156410 202354 375019
14531 156410 26964606 3368467
14531 156410 3343 4318956
14531 156410 5042916 145623
14531 156410 10577 144592
14531 156410 5843419 14998012
14531 156410 11867 97733
14531 156410 12108 1460927
3607937 153162 3966054 84578
3607937 153162 22316 1593974
3607937 153162 25391 89659
3607937 153162 27318 161591
3607937 153162 26667 457431
3607937 153162 30128 303449
3607937 153162 11125639 167925
3607937 153162 31717 3970
3607937 153162 202354 375019
3607937 153162 26964606 3368467
3607937 153162 3343 4318956
3607937 153162 5042916 145623
3607937 153162 10577 144592
3607937 153162 5843419 14998012
3607937 153162 11867 97733
3607937 153162 12108 1460927
3607937 153162 14531 156410
3966054 84578 22316 1593974
3966054 84578 25391 89659
3966054 84578 27318 161591
3966054 84578 26667 457431
3966054 84578 30128 303449
3966054 84578 11125639 167925
3966054 84578 31717 3970
3966054 84578 202354 375019
3966054 84578 26964606 3368467
3966054 84578 3343 4318956
3966054 84578 5042916 145623
3966054 84578 10577 144592
3966054 84578 5843419 14998012
3966054 84578 11867 97733
3966054 84578 12108 1460927
3966054 84578 14531 156410
3966054 84578 3607937 153162
22316 1593974 25391 89659
22316 1593974 27318 161591
22316 1593974 26667 457431
22316 1593974 30128 303449
22316 1593974 11125639 167925
22316 1593974 31717 3970
22316 1593974 202354 375019
22316 1593974 26964606 3368467
22316 1593974 3343 4318956
22316 1593974 5042916 145623
22316 1593974 10577 144592
22316 1593974 5843419 14998012
22316 1593974 11867 97733
22316 1593974 12108 1460927
22316 1593974 14531 156410
22316 1593974 3607937 153162
22316 1593974 3966054 84578
25391 89659 27318 161591
25391 89659 26667 457431
25391 89659 30128 303449
25391 89659 11125639 167925
25391 89659 31717 3970
25391 89659 202354 375019
25391 89659 26964606 3368467
25391 89659 3343 4318956
25391 89659 5042916 145623
25391 89659 10577 144592
25391 89659 5843419 14998012
25391 89659 11867 97733
25391 89659 12108 1460927
25391 89659 14531 156410
25391 89659 3607937 153162
25391 89659 3966054 84578
25391 89659 22316 1593974
27318 161591 26667 457431
27318 161591 30128 303449
27318 161591 11125639 167925
27318 161591 31717 3970
27318 161591 202354 375019
27318 161591 26964606 3368467
27318 161591 3343 4318956
27318 161591 5042916 145623
27318 161591 10577 144592
27318 161591 5843419 14998012
27318 161591 11867 97733
27318 161591 12108 1460927
27318 161591 14531 156410
27318 161591 3607937 153162
27318 161591 3966054 84578
27318 161591 22316 1593974
27318 161591 25391 89659
26667 457431 30128 303449
26667 457431 11125639 167925
26667 457431 31717 3970
26667 457431 202354 375019
26667 457431 26964606 3368467
26667 457431 3343 4318956
26667 457431 5042916 145623
26667 457431 10577 144592
26667 457431 5843419 14998012
26667 457431 11867 97733
26667 457431 12108 1460927
26667 457431 14531 156410
26667 457431 3607937 153162
26667 457431 3966054 84578
26667 457431 22316 1593974
26667 457431 25391 89659
26667 457431 27318 161591
30128 303449 11125639 167925
30128 303449 31717 3970
30128 303449 202354 375019
30128 303449 26964606 3368467
30128 303449 3343 4318956
30128 303449 5042916 145623
30128 303449 10577 144592
30128 303449 5843419 14998012
30128 303449 11867 97733
30128 303449 12108 1460927
30128 303449 14531 156410
30128 303449 3607937 153162
30128 303449 3966054 84578
30128 303449 22316 1593974
30128 303449 25391 89659
30128 303449 27318 161591
30128 303449 26667 457431
11125639 167925 31717 3970
11125639 167925 202354 375019
11125639 167925 26964606 3368467
11125639 167925 3343 4318956
11125639 167925 5042916 145623
11125639 167925 10577 144592
11125639 167925 5843419 14998012
11125639 167925 11867 97733
11125639 167925 12108 1460927
11125639 167925 14531 156410
11125639 167925 3607937 153162
11125639 167925 3966054 84578
11125639 167925 22316 1593974
11125639 167925 25391 89659
11125639 167925 27318 161591
11125639 167925 26667 457431
11125639 167925 30128 303449
31717 3970 202354 375019
31717 3970 26964606 3368467
31717 3970 3343 4318956
31717 3970 5042916 145623
31717 3970 10577 144592
31717 3970 5843419 14998012
31717 3970 11867 97733
31717 3970 12108 1460927
31717 3970 14531 156410
31717 3970 3607937 153162
31717 3970 3966054 84578
31717 3970 22316 1593974
31717 3970 25391 89659
31717 3970 27318 161591
31717 3970 26667 457431
31717 3970 30128 303449
31717 3970 11125639 167925
202354 375019 26964606 3368467
202354 375019 3343 4318956
202354 375019 5042916 145623
202354 375019 10577 144592
202354 375019 5843419 14998012
202354 375019 11867 97733
202354 375019 12108 1460927
202354 375019 14531 156410
202354 375019 3607937 153162
202354 375019 3966054 84578
202354 375019 22316 1593974
202354 375019 25391 89659
202354 375019 27318 161591
202354 375019 26667 457431
202354 375019 30128 303449
202354 375019 11125639 167925
202354 375019 31717 3970
: people-companies
29656 19001 60903 1092923
29656 19001 60904 1092923
29656 19001 46878774 18978754
29656 19001 7412236 18978754
29656 19001 2844938 7529378
3747 19001 60903 1092923
3747 19001 60904 1092923
3747 19001 46878774 18978754
3747 19001 7412236 18978754
3747 19001 2844938 7529378
23347 19001 60903 1092923
23347 19001 60904 1092923
23347 19001 46878774 18978754
23347 19001 7412236 18978754
23347 19001 2844938 7529378
60903 1092923 46878774 18978754
60903 1092923 7412236 18978754
60903 1092923 2844938 7529378
60903 1092923 29656 19001
60903 1092923 3747 19001
60903 1092923 23347 19001
60904 1092923 46878774 18978754
60904 1092923 7412236 18978754
60904 1092923 2844938 7529378
60904 1092923 29656 19001
60904 1092923 3747 19001
60904 1092923 23347 19001
46878774 18978754 2844938 7529378
46878774 18978754 29656 19001
46878774 18978754 3747 19001
46878774 18978754 23347 19001
46878774 18978754 60903 1092923
46878774 18978754 60904 1092923
7412236 18978754 2844938 7529378
7412236 18978754 29656 19001
7412236 18978754 3747 19001
7412236 18978754 23347 19001
7412236 18978754 60903 1092923
7412236 18978754 60904 1092923
2844938 7529378 29656 19001
2844938 7529378 3747 19001
2844938 7529378 23347 19001
2844938 7529378 60903 1092923
2844938 7529378 60904 1092923
2844938 7529378 46878774 18978754
2844938 7529378 7412236 18978754
