: newspapers
6886 60961 18110 273319
6886 60961 49728 319442
18110 273319 49728 319442
18110 273319 6886 60961
49728 319442 6886 60961
49728 319442 18110 273319
: ice_hockey
95405 73129 6886 73126
95405 73129 18110 73136
95405 73129 7954681 42966
95405 73129 50585 66941
95405 73129 25101 66964
95405 73129 64646 70155
6886 73126 18110 73136
6886 73126 7954681 42966
6886 73126 50585 66941
6886 73126 25101 66964
6886 73126 64646 70155
6886 73126 95405 73129
18110 73136 7954681 42966
18110 73136 50585 66941
18110 73136 25101 66964
18110 73136 64646 70155
18110 73136 95405 73129
18110 73136 6886 73126
7954681 42966 50585 66941
7954681 42966 25101 66964
7954681 42966 64646 70155
7954681 42966 95405 73129
7954681 42966 6886 73126
7954681 42966 18110 73136
50585 66941 25101 66964
50585 66941 64646 70155
50585 66941 95405 73129
50585 66941 6886 73126
50585 66941 18110 73136
50585 66941 7954681 42966
25101 66964 64646 70155
25101 66964 95405 73129
25101 66964 6886 73126
25101 66964 18110 73136
25101 66964 7954681 42966
25101 66964 50585 66941
64646 70155 95405 73129
64646 70155 6886 73126
64646 70155 18110 73136
64646 70155 7954681 42966
64646 70155 50585 66941
64646 70155 25101 66964
: basketball
3138 72861 13774 72885
3138 72861 6886 72866
3138 72861 8210131 72855
3138 72861 50548 72891
3138 72861 29631 72898
3138 72861 53848 72889
13774 72885 6886 72866
13774 72885 8210131 72855
13774 72885 50548 72891
13774 72885 29631 72898
13774 72885 53848 72889
13774 72885 3138 72861
6886 72866 8210131 72855
6886 72866 50548 72891
6886 72866 29631 72898
6886 72866 53848 72889
6886 72866 3138 72861
6886 72866 13774 72885
8210131 72855 50548 72891
8210131 72855 29631 72898
8210131 72855 53848 72889
8210131 72855 3138 72861
8210131 72855 13774 72885
8210131 72855 6886 72866
50548 72891 29631 72898
50548 72891 53848 72889
50548 72891 3138 72861
50548 72891 13774 72885
50548 72891 6886 72866
50548 72891 8210131 72855
29631 72898 53848 72889
29631 72898 3138 72861
29631 72898 13774 72885
29631 72898 6886 72866
29631 72898 8210131 72855
29631 72898 50548 72891
53848 72889 3138 72861
53848 72889 13774 72885
53848 72889 6886 72866
53848 72889 8210131 72855
53848 72889 50548 72891
