169409	1462983	9.55
169409	68672	1.28
234796	38407	0.95
46112	68672	6.98
177428	4318352	2.3
29421264	86111	3.17
206119	8376	1.88
77173	56478	2.2
24306566	376052	5.5
13645	4433279	8.33
155526	74819	9.35
38714	294211	6.67
19166409	53238	2.88
33183	15822899	3.33
3410	56890	7.85
1449866	7931	3.68
8983183	610452	7.88
4269567	6678	1.75
1209	55633	9.47
21533	1376	6.43
3778	18963870	7.53
38180	49402	3.27
190933	190919	2.47
128987	167334	2.98
34061	29392	2.38
18955875	4649165	5.53
951407	646059	3.4
26118	844811	7.58
8072	37220	7.15
53238	307875	4.85
555643	187697	3.42
3996	1358	2.25
23707	419369	6.28
211397	37618	4.68
18842395	18842308	7.3
18842323	18842359	8.27
26873	19372	4.62
19166474	194538	3.88
292211	24494046	7.32
18845	6678	1.12
8221	177497	4.93
18839	37735	6.98
3363	1014	7.5
9293603	2136925	7.1
130312	8282374	6.38
30297	15037	2.38
16861908	30696992	5.38
82926	844811	1.73
63031	11299	2.38
199065	255597	5.48
19166474	234901	3.97
3928	7053	2.58
1014	45189	6.98
21058	14776	8.17
38180	51892	5.47
34931824	18940	7.47
3778	3390	5
39206	14543	7.02
34061	24873453	6.27
695530	5881	3.48
1014	12988	8.65
49400	8637	3.33
53238	234901	3.57
13590	265567	5.8
12581	6015	6.27
32961	45189	5.15
71691	68768	3.33
53238	19723734	3.72
36969	56232	3.33
8221	57993	5.8
21281502	7053	5.68
3928	350239	1.67
991849	42139	1.67
214505	761242	1.9
83427	83441	7.07
83441	167334	5.37
272207	19008450	1.9
13673345	48519	3.4
7931	7964	6.25
19042	904	7.25
47515	58991	6
194253	293302	6.75
33306	14946	6.47
951407	892714	3.02
39206	4918223	9.02
38180	51892	5.87
185337	679878	7.15
19166474	11492	4.17
1014	7599	6.73
34242	14775	3.78
19555	902	6.45
80018	71691	7.15
5042765	8539	1.8
26471	18845	7.78
6678	36896	6.75
43854	23534170	1.03
8637	12821	5.25
6678	25079	5.95
30042	904	6.42
4099	243577	4.17
6700	36858	3.75
3997	222740	4.28
5042765	1638128	7.3
39007	4526	4.68
44975	1449866	5.48
39747	668035	5.9
47515	130312	5.6
19009110	195198	5.97
3363	7984	5.42
15822899	24306566	3.92
18978754	25439732	2.88
5177	17524	7.47
154920	19009006	6.83
3410	11125639	6.58
47515	998156	7.32
68742	80018	7.53
33306	1605200	1.3
23416874	154170	7.68
5785	31287	7.53
3996	13673345	2.37
82425	18589377	6.3
86111	1624867	2.8
23366462	4654	6.07
11039790	219599	3.05
1481886	24542769	6.5
951407	18994221	0.92
743997	55999	4.52
89246	1196	3.33
56217	177938	5
28022	18949668	1.13
11492	1209545	2.3
336806	287542	8.27
1014	33153	7.27
9293603	25631460	6.3
68768	63394	4.37
234514	646059	3.4
18940	63394	5.8
202898	13256	3.63
857255	314993	5.37
293302	83427	3.82
36808	45599	1.08
33183	214196	1.98
15822899	83427	4.83
40630	14587	5.6
18723138	46433	3.42
2016347	33538	4
33183	177428	5.72
17158563	26051975	4.77
844811	45883	2.42
4487	604727	5.15
33550	16861908	2.88
5785	58790	5.65
24373	1794840	5.38
83427	449913	2.62
32961	1318497	7.85
26051975	19167553	2.93
102883	1348330	7.7
43854	53472	1.42
192617	64959	1.27
24462937	146334	4.93
17157119	205075	2.62
8072	37220	6.9
857255	840391	4.92
39696	4649165	6.03
13673345	3973	3.47
1005	20354	5.53
1376	166655	5.08
47515	33978	4.87
78478	32416	6.75
18842395	32416	1.67
26751	195193	2.27
7089	90796	2.27
1348330	690278	5.43
26227	37735	6.12
8376	191061	5.47
26051975	36968	7.03
53238	53227	3.65
7485	39206	9.02
1408983	181897	4.28
4099	336880	3.82
18978754	61230	2.08
130918	19881	7.27
21299730	29969	1.6
4654	2594	2.78
3921	3850	4.92
36979	4487	2.72
951407	48597	6.08
51462	9640	5.58
40630	18842323	4.68
480507	228744	7.83
11846	7950	3.78
1348330	161999	5.7
56478	61026	3.63
83430	177428	3.02
83427	83430	3.55
18947	34242	5.6
3363	53754	4.45
9640	3996	2.57
26700	22921	4.92
40630	240844	3.77
15822899	128987	4.13
36969	11749910	1.95
19012	1624867	3.27
5042765	23707	4.5
15822899	18739286	3.13
55999	90655	3.1
13590	264268	1.38
519280	355343	5.35
5042765	57559	1.23
65071	8280	6.95
8376	650327	4.87
37402	36979	1.43
413522	19373997	1.32
46183	23501	1.22
265567	48597	1.28
18842431	86359	4.92
61950	32762	1.13
4576465	51260	4.48
47515	195198	6.67
27712	14361	5.13
161999	71925	3.55
19331	22915	5.87
3928	7673	2.32
11383147	951407	2.35
4099	188506	4.17
53238	188506	2.75
6678	26573	2.37
18940	82425	2.35
102883	6978	5.08
519280	1466175	5.9
51490	16369	7.05
292133	3648961	7.15
3390	13756	5.15
297058	49401	6.35
33153	12988	6.28
4207510	154920	1.23
26118	82926	2.62
8637	82926	1.67
307875	1209545	3.42
403005	229714	7.7
13673345	229714	5.13
19595436	336880	3.13
5177	228569	8.02
24872	202899	4.25
674	9127632	5.33
5689	24460	3.12
164040	9284	7.95
3778	18985062	5
195193	31880	4.68
22949	3488351	7.68
18947	14775	5.08
3508478	36806	5.63
17541	19360669	1.88
56212	51892	7.47
33153	53754	5.33
1723133	128987	5.38
1980717	19009110	9.17
167334	73165	2.22
21193982	5987	7.63
46847	41395970	2.02
15822899	4318352	5.32
4099	53235	2.53
26266653	68672	6.5
18842395	18842323	5.72
51511	19012	5.92
28191	33978	5.48
3488351	23995	2.2
56333	56217	3.55
8983183	24007	2.1
8983183	8082	3.42
32410	4146	6.47
13590	118737	4.33
13673345	3397	0.95
58617	1466175	4.77
16888425	19881	3.97
1449866	22112840	2.47
198778	45353	6.58
21504235	162707	4.52
234514	49404	3.1
8637	49404	1.67
46029	519280	7.47
306326	519280	1.5
169409	192727	2.38
169409	24702	6.03
13018310	229072	5.08
58687	3199137	8.48
184000	2079352	6.33
5180	30746	3.17
3276812	420724	3.33
31660921	252712	5.8
2973525	60330	3.12
9758	695530	5.4
7370562	18949461	1.38
228569	13018310	5.48
5225	37673	6.03
12616	20781999	5.22
83427	5042765	3.57
46253	8072	7.65
58422	159472	8.18
19555	202898	3.05
1449866	18963870	4.77
22112840	18985062	5.65
5177	29831	5.6
1341151	24306566	4.63
4575	28830	7.53
18403271	26997	2.08
55959	24110	7.38
24110	101146	5.68
3778	10374	4.72
15822899	238966	4.72
68768	68742	4.4
297058	49401	6.75
205075	51273	4.37
2268160	2136925	1.43
17384301	36863	2.7
1214654	49401	2
13673345	19373997	1.03
951407	464961	3.42
38180	309492	2.3
18978754	61937	1.43
37402	34931824	3.73
13673345	991849	0.87
30942	38327	7.5
155526	20646803	1.95
73165	449913	5
19714	25439732	4.05
413522	38323	1.25
265567	14276	3.33
13645	2630435	3.02
90655	11669530	2.8
4099	25631460	4.17
4099	19595436	3.78
63394	4487	1.22
41395970	480507	5.13
20903181	34341	1.67
902	5299	3.1
48557	4092	7.05
1440220	172024	7.08
19723734	4099	3.65
19723734	55999	5
194253	37338	2.15
951407	262642	3.5
38180	679878	5.15
21281502	17160	3.65
30042	19042	5.63
228744	42046835	7.93
18940	36969	1.67
53238	4099	3.83
18978754	21299730	4.05
206119	191061	2.95
71691	19651298	3.72
5692	28227402	4.93
28191	130312	4.8
4269567	13645	2.38
53238	53235	1.58
3928	172120	1.75
19572217	46253	6.08
292133	610452	3.72
21435	3717	3.88
71691	37402	2.85
1723133	813075	2.93
128987	194253	5.75
1014	32961	7.42
11669530	9293603	3.73
199065	13673345	2.38
761242	8637	2.2
413522	471845	1.3
40786	1348330	5.6
68753	491696	8.73
17157119	83430	2.53
32512	14734	5.55
13673345	166784	2.75
3118	26227	2.35
4576465	997680	0.4
18739286	3850	0.88
1318497	5881	0.4
24872	24110	0.68
287542	199023	0.4
177428	46594	0.4
33183	19009006	0.58
18978754	27979	0.58
52648	24110	0.48
39747	53227	2.35
21281502	19009006	0.3
464961	3850	0.88
857255	52648	0.68
36979	194253	0.4
3488351	21281502	0.68
181897	2260429	0.3
336880	49400	0.3
1624867	14587	0.3
3488351	29126119	0.48
8100	3488351	0.4
39747	646059	0.4
3973	646059	0.4
1231580	2260429	0.48
216180	243391	7.47
20845	61338	2.7
467888	33660916	8.75
183403	62433	4.17
216180	246042	4.87
13018310	24897	6.23
7357	13018310	4.8
1442889	37080	8.82
523137	37080	2.62
5177	25042	3.55